600.428800 3552.093532
600.691815 3560.842246
600.954828 3570.540608
601.217840 3581.148801
601.480851 3592.608703
601.743860 3604.844380
602.006867 3617.769913
602.269874 3631.293654
602.532878 3645.321032
602.795882 3659.761801
603.058884 3674.532181
603.321885 3689.556446
603.584884 3704.766712
603.847882 3720.103364
604.110878 3735.511077
604.373873 3750.937619
604.636867 3766.330949
604.899859 3781.635094
605.162850 3796.790755
605.425839 3811.734458
605.688827 3826.396971
605.951813 3840.708617
606.214799 3854.599170
606.477782 3868.002591
606.740764 3880.858914
607.003745 3893.119428
607.266725 3904.747900
607.529703 3915.723566
607.792679 3926.038663
608.055654 3935.702045
608.318628 3944.732071
608.581600 3953.155417
608.844571 3961.006640
609.107541 3968.319612
609.370509 3975.126541
609.633475 3981.456363
609.896440 3987.330297
610.159404 3992.762655
610.422366 3997.762790
610.685327 4002.335410
610.948286 4006.482626
611.211244 4010.209680
611.474201 4013.524382
611.737156 4016.441970
612.000109 4018.985050
612.263061 4021.187338
612.526012 4023.089790
612.788961 4024.739753
613.051909 4026.189258
613.314855 4027.492173
613.577800 4028.702759
613.840743 4029.870704
614.103685 4031.041090
614.366626 4032.252454
614.629565 4033.538344
614.892502 4034.924853
615.155439 4036.434049
615.418373 4038.085818
615.681306 4039.899519
615.944238 4041.895548
616.207168 4044.096983
616.470097 4046.528511
616.733024 4049.221564
616.995950 4052.209578
617.258874 4055.528714
617.521797 4059.219194
617.784719 4063.319475
618.047639 4067.867438
618.310557 4072.897116
618.573474 4078.438028
618.836390 4084.511451
619.099304 4091.131638
619.362216 4098.303024
619.625127 4106.021210
619.888037 4114.273633
620.150945 4123.041190
620.413851 4132.298677
620.676756 4142.020456
620.939660 4152.177017
621.202562 4162.744422
621.465463 4173.700475
621.728362 4185.028391
621.991259 4196.715996
622.254155 4208.755512
622.517050 4221.142412
622.779943 4233.873724
623.042835 4246.943968
623.305725 4260.347849
623.568614 4274.074251
623.831501 4288.102750
624.094386 4302.407732
624.357270 4316.953614
624.620153 4331.697183
624.883034 4346.585391
625.145914 4361.559578
625.408792 4376.552544
625.671668 4391.493537
625.934543 4406.311274
626.197417 4420.933872
626.460289 4435.294243
626.723159 4449.330418
626.986028 4462.989636
627.248895 4476.227978
627.511761 4489.012246
627.774626 4501.320083
628.037489 4513.136728
628.300350 4524.454417
628.563210 4535.269923
628.826068 4545.583429
629.088925 4555.392899
629.351780 4564.698753
629.614634 4573.495910
629.877486 4581.779640
630.140336 4589.542908
630.403185 4596.779473
630.666033 4603.484779
630.928879 4609.657763
631.191723 4615.303040
631.454566 4620.429335
631.717408 4625.051811
631.980247 4629.191016
632.243086 4632.873111
632.505922 4636.128962
632.768758 4638.992123
633.031591 4641.498802
633.294423 4643.687258
633.557254 4645.597154
633.820083 4647.268649
634.082910 4648.741855
634.345736 4650.057211
634.608560 4651.253160
634.871383 4652.367314
635.134204 4653.432861
635.397024 4654.480247
635.659842 4655.534625
635.922658 4656.617323
636.185473 4657.741965
636.448287 4658.921076
636.711098 4660.162448
636.973909 4661.473943
637.236717 4662.862205
637.499524 4664.339708
637.762330 4665.924080
638.025134 4667.638487
638.287936 4669.514475
638.550737 4671.592052
638.813536 4673.916930
639.076334 4676.541676
639.339130 4679.519875
639.601924 4682.906022
639.864717 4686.754518
640.127508 4691.113146
640.390298 4696.026807
640.653086 4701.529502
640.915873 4707.648771
641.178658 4714.404522
641.441441 4721.807635
641.704223 4729.863061
641.967003 4738.567185
642.229782 4747.907807
642.492558 4757.864801
642.755334 4768.409092
643.018108 4779.507280
643.280880 4791.115530
643.543650 4803.185661
643.806419 4815.664861
644.069187 4828.498600
644.331953 4841.628089
644.594717 4855.001680
644.857479 4868.572591
645.120240 4882.303831
645.383000 4896.171606
645.645757 4910.170009
645.908513 4924.308693
646.171268 4938.616089
646.434021 4953.138714
646.696772 4967.932111
646.959522 4983.059192
647.222270 4998.579686
647.485016 5014.542677
647.747761 5030.976500
648.010504 5047.881396
648.273246 5065.223268
648.535985 5082.929584
648.798724 5100.892221
649.061460 5118.972364
649.324195 5137.008215
649.586929 5154.828279
649.849661 5172.262854
650.112391 5189.157574
650.375119 5205.383733
650.637846 5220.846342
650.900571 5235.487388
651.163295 5249.284046
651.426017 5262.246679
651.688737 5274.412363
651.951456 5285.834605
652.214173 5296.578504
652.476888 5306.707869
652.739602 5316.283447
653.002314 5325.359195
653.265025 5333.975241
653.527733 5342.160355
653.790440 5349.934148
654.053146 5357.305056
654.315850 5364.276989
654.578552 5370.846277
654.841252 5377.006994
655.103951 5382.751807
655.366649 5388.073019
655.629344 5392.963460
655.892038 5397.415016
656.154730 5401.424704
656.417421 5404.991816
656.680110 5408.119517
656.942797 5410.819215
657.205482 5413.108798
657.468166 5415.016788
657.730849 5416.578887
657.993529 5417.835621
658.256208 5418.838476
658.518885 5419.641750
658.781561 5420.301496
659.044235 5420.874750
659.306907 5421.416378
659.569577 5421.972123
659.832246 5422.582890
660.094913 5423.281377
660.357579 5424.088753
660.620242 5425.020894
660.882904 5426.089136
661.145565 5427.300977
661.408224 5428.664691
661.670881 5430.191979
661.933536 5431.899796
662.196190 5433.811513
662.458841 5435.956168
662.721492 5438.368923
662.984140 5441.088543
663.246787 5444.153506
663.509432 5447.601428
663.772076 5451.463152
664.034717 5455.762020
664.297358 5460.511388
664.559996 5465.714118
664.822633 5471.360547
665.085267 5477.433424
665.347901 5483.908106
665.610532 5490.756445
665.873162 5497.948373
666.135790 5505.459695
666.398417 5513.270089
666.661041 5521.366962
666.923664 5529.748754
667.186285 5538.421039
667.448905 5547.399111
667.711523 5556.703307
667.974139 5566.356721
668.236753 5576.384571
668.499366 5586.807869
668.761977 5597.641040
669.024586 5608.892453
669.287193 5620.559478
669.549799 5632.629839
669.812403 5645.083619
670.075005 5657.893917
670.337606 5671.027953
670.600205 5684.452371
670.862802 5698.133042
671.125397 5712.037684
671.387991 5726.138064
671.650583 5740.410001
671.913173 5754.832815
672.175761 5769.389500
672.438348 5784.062958
672.700933 5798.834774
672.963516 5813.683894
673.226097 5828.583031
673.488677 5843.498082
673.751255 5858.389665
674.013831 5873.210249
674.276406 5887.907179
674.538978 5902.426614
674.801549 5916.708520
675.064118 5930.698029
675.326686 5944.343353
675.589251 5957.596731
675.851815 5970.420360
676.114377 5982.783483
676.376938 5994.663677
676.639496 6006.046950
676.902053 6016.925521
677.164608 6027.297435
677.427162 6037.164429
677.689713 6046.531895
677.952263 6055.404935
678.214811 6063.791185
678.477357 6071.696997
678.739902 6079.133511
679.002444 6086.110960
679.264985 6092.642592
679.527524 6098.746212
679.790062 6104.443102
680.052597 6109.756445
680.315131 6114.712502
680.577663 6119.336978
680.840193 6123.658117
681.102722 6127.699314
681.365249 6131.481875
681.627773 6135.023497
681.890297 6138.335235
682.152818 6141.428075
682.415337 6144.306298
682.677855 6146.973934
682.940371 6149.433214
683.202885 6151.688161
683.465398 6153.743881
683.727908 6155.610062
683.990417 6157.297793
684.252924 6158.827036
684.515429 6160.218567
684.777932 6161.499532
685.040434 6162.698992
685.302934 6163.849740
685.565432 6164.987883
685.827928 6166.150538
686.090422 6167.373095
686.352914 6168.692200
686.615405 6170.140780
686.877894 6171.747839
687.140381 6173.538667
687.402866 6175.531895
687.665350 6177.741192
687.927831 6180.172517
688.190311 6182.826008
688.452789 6185.696642
688.715265 6188.775151
688.977740 6192.051868
689.240212 6195.516669
689.502683 6199.163511
689.765152 6202.993386
690.027619 6207.014566
690.290084 6211.245594
690.552548 6215.713586
690.815009 6220.455853
691.077469 6225.517787
691.339927 6230.949105
691.602383 6236.802539
691.864837 6243.126541
692.127289 6249.962450
692.389740 6257.344671
692.652189 6265.294346
692.914635 6273.818824
693.177080 6282.914059
693.439524 6292.565215
693.701965 6302.744265
693.964404 6313.420547
694.226842 6324.559186
694.489278 6336.124924
694.751712 6348.086099
695.014144 6360.416077
695.276574 6373.093874
695.539003 6386.106065
695.801429 6399.443485
696.063854 6413.101849
696.326277 6427.078159
696.588697 6441.371149
696.851117 6455.975656
697.113534 6470.882311
697.375949 6486.074914
697.638363 6501.530544
697.900774 6517.217099
698.163184 6533.096589
698.425592 6549.123237
698.687998 6565.243303
698.950402 6581.401427
699.212804 6597.539793
699.475205 6613.601993
699.737603 6629.532627
700.000000 6645.284282
700.262395 6660.813745
700.524788 6676.085915
700.787179 6691.074753
701.049568 6705.760879
701.311955 6720.132648
701.574341 6734.183188
701.836724 6747.909939
702.099106 6761.312622
702.361485 6774.393283
702.623863 6787.153286
702.886239 6799.594249
703.148613 6811.716426
703.410985 6823.522294
703.673356 6835.010920
703.935724 6846.183887
704.198090 6857.042510
704.460455 6867.589854
704.722818 6877.828805
704.985178 6887.762281
705.247537 6897.393187
705.509894 6906.722616
705.772249 6915.748370
706.034603 6924.465991
706.296954 6932.868471
706.559303 6940.943306
706.821651 6948.678924
707.083996 6956.061330
707.346340 6963.078689
707.608681 6969.720463
707.871021 6975.983821
708.133359 6981.868813
708.395695 6987.384535
708.658029 6992.548504
708.920361 6997.383450
709.182691 7001.917602
709.445020 7006.184419
709.707346 7010.216917
709.969671 7014.048948
710.231993 7017.710765
710.494314 7021.226060
710.756632 7024.615738
711.018949 7027.893555
711.281264 7031.067403
711.543577 7034.139743
711.805888 7037.111718
712.068197 7039.982039
712.330504 7042.750645
712.592809 7045.418167
712.855112 7047.989369
713.117413 7050.471855
713.379713 7052.880956
713.642010 7055.237725
713.904305 7057.566247
714.166599 7059.897127
714.428890 7062.266931
714.691180 7064.713145
714.953468 7067.276381
715.215753 7069.998460
715.478037 7072.917122
715.740319 7076.068126
716.002599 7079.484263
716.264876 7083.187842
716.527152 7087.195612
716.789426 7091.515723
717.051698 7096.147101
717.313968 7101.081754
717.576236 7106.302649
717.838502 7111.788533
718.100767 7117.514107
718.363029 7123.448544
718.625289 7129.562052
718.887547 7135.823029
719.149804 7142.203433
719.412058 7148.675813
719.674310 7155.218666
719.936561 7161.812819
720.198809 7168.449333
720.461055 7175.124617
720.723300 7181.841131
720.985542 7188.610254
721.247783 7195.450278
721.510021 7202.387950
721.772258 7209.453892
722.034492 7216.684133
722.296725 7224.114194
722.558956 7231.784290
722.821184 7239.731403
723.083411 7247.989960
723.345635 7256.589075
723.607858 7265.553767
723.870079 7274.902231
724.132297 7284.645417
724.394514 7294.787347
724.656728 7305.327412
724.918941 7316.255976
725.181152 7327.561133
725.443360 7339.228435
725.705567 7351.234154
725.967772 7363.556035
726.229974 7376.168015
726.492175 7389.040408
726.754374 7402.140056
727.016570 7415.430821
727.278765 7428.873868
727.540957 7442.425210
727.803148 7456.041690
728.065337 7469.676806
728.327523 7483.285714
728.589708 7496.823659
728.851890 7510.253131
729.114071 7523.538079
729.376249 7536.650406
729.638426 7549.568757
729.900600 7562.275391
730.162773 7574.757027
730.424943 7587.003110
730.687112 7599.001657
730.949278 7610.738585
731.211442 7622.196813
731.473605 7633.353190
731.735765 7644.178766
731.997923 7654.641118
732.260079 7664.703484
732.522233 7674.332504
732.784386 7683.493821
733.046536 7692.161185
733.308684 7700.320442
733.570830 7707.967099
733.832974 7715.110846
734.095116 7721.772454
734.357256 7727.987315
734.619394 7733.800531
734.881529 7739.263916
735.143663 7744.429681
735.405795 7749.353800
735.667925 7754.087025
735.930052 7758.674535
736.192178 7763.152164
736.454301 7767.549381
736.716423 7771.885746
736.978542 7776.171952
737.240660 7780.410497
737.502775 7784.598243
737.764888 7788.725881
738.026999 7792.780803
738.289108 7796.751004
738.551215 7800.622129
738.813320 7804.384744
739.075423 7808.032389
739.337524 7811.564200
739.599623 7814.986889
739.861720 7818.313327
740.123814 7821.562036
740.385907 7824.755891
740.647997 7827.926084
740.910086 7831.101530
741.172172 7834.316235
741.434256 7837.601615
741.696339 7840.990710
741.958419 7844.513543
742.220497 7848.199011
742.482573 7852.073475
742.744647 7856.157990
743.006718 7860.469713
743.268788 7865.021082
743.530856 7869.819089
743.792921 7874.863627
744.054985 7880.149315
744.317046 7885.666311
744.579105 7891.399734
744.841162 7897.337073
745.103218 7903.465045
745.365270 7909.773876
745.627321 7916.257215
745.889370 7922.915799
746.151417 7929.753395
746.413461 7936.780499
746.675504 7944.009116
746.937544 7951.452496
747.199582 7959.123399
747.461619 7967.029136
747.723653 7975.176352
747.985685 7983.560260
748.247714 7992.167012
748.509742 8000.978784
748.771768 8009.966700
749.033791 8019.098208
749.295813 8028.335366
749.557832 8037.640567
749.819849 8046.980187
750.081864 8056.325841
750.343877 8065.657471
750.605888 8074.967733
750.867896 8084.255682
751.129903 8093.533093
751.391907 8102.815287
751.653910 8112.124327
751.915910 8121.482390
752.177908 8130.909952
752.439904 8140.421029
752.701897 8150.029184
752.963889 8159.740492
753.225878 8169.559666
753.487866 8179.490328
753.749851 8189.536604
754.011834 8199.702525
754.273815 8209.992551
754.535794 8220.410851
754.797771 8230.960361
755.059745 8241.637024
755.321717 8252.431375
755.583688 8263.324879
755.845656 8274.292243
756.107622 8285.298236
756.369585 8296.302981
756.631547 8307.258026
756.893507 8318.119172
757.155464 8328.840880
757.417419 8339.381762
757.679372 8349.706052
757.941323 8359.786859
758.203272 8369.604943
758.465218 8379.148273
758.727163 8388.413421
758.989105 8397.401738
759.251045 8406.119113
759.512983 8414.572309
759.774918 8422.766629
760.036852 8430.706175
760.298783 8438.388673
760.560713 8445.809624
760.822640 8452.956881
761.084565 8459.817250
761.346487 8466.375999
761.608408 8472.618514
761.870326 8478.534443
762.132242 8484.118923
762.394156 8489.373497
762.656068 8494.304511
762.917978 8498.926358
763.179885 8503.257410
763.441790 8507.315434
763.703694 8511.120435
763.965594 8514.690614
764.227493 8518.041125
764.489390 8521.185999
764.751284 8524.139392
765.013176 8526.913806
765.275066 8529.523725
765.536954 8531.983621
765.798839 8534.312753
766.060723 8536.528398
766.322604 8538.650521
766.584483 8540.697383
766.846360 8542.687376
767.108234 8544.634217
767.370107 8546.553236
767.631977 8548.451152
767.893845 8550.336853
768.155710 8552.213231
768.417574 8554.081276
768.679435 8555.936816
768.941294 8557.776200
769.203151 8559.591719
769.465006 8561.375296
769.726858 8563.119056
769.988709 8564.820737
770.250557 8566.484817
770.512403 8568.124793
770.774246 8569.768860
771.036088 8571.458967
771.297927 8573.253911
771.559764 8575.223689
771.821598 8577.445360
772.083431 8579.999917
772.345261 8582.965732
772.607089 8586.407003
772.868915 8590.371412
773.130738 8594.884015
773.392560 8599.947250
773.654379 8605.534843
773.916196 8611.601165
774.178010 8618.078998
774.439823 8624.890983
774.701633 8631.951528
774.963441 8639.176621
775.225247 8646.490389
775.487050 8653.826208
775.748851 8661.137161
776.010650 8668.394771
776.272447 8675.588844
776.534241 8682.734635
776.796034 8689.861078
777.057824 8697.012990
777.319611 8704.245695
777.581397 8711.618581
777.843180 8719.188835
778.104961 8727.008259
778.366740 8735.116858
778.628516 8743.541361
778.890290 8752.292841
779.152062 8761.368121
779.413832 8770.755154
779.675599 8780.433019
779.937364 8790.377864
780.199127 8800.567588
780.460888 8810.985625
780.722646 8821.621437
780.984402 8832.470782
781.246156 8843.533702
781.507907 8854.814759
781.769657 8866.317159
782.031404 8878.043479
782.293148 8889.990622
782.554891 8902.150233
782.816631 8914.507870
783.078369 8927.043915
783.340104 8939.738148
783.601838 8952.564302
783.863569 8965.495158
784.125298 8978.502224
784.387024 8991.555969
784.648748 9004.627000
784.910470 9017.683304
785.172190 9030.692718
785.433907 9043.629016
785.695622 9056.464407
785.957335 9069.179619
786.219045 9081.758817
786.480753 9094.196384
786.742459 9106.489191
787.004163 9118.641668
787.265864 9130.657629
787.527563 9142.542871
787.789259 9154.298813
788.050954 9165.920392
788.312646 9177.398245
788.574335 9188.717178
788.836023 9199.859182
789.097708 9210.807026
789.359391 9221.543352
789.621071 9232.056463
789.882749 9242.339405
790.144425 9252.389877
790.406099 9262.209139
790.667770 9271.800015
790.929439 9281.165987
791.191106 9290.306907
791.452770 9299.221302
791.714432 9307.906020
791.976091 9316.358263
792.237749 9324.576246
792.499404 9332.562291
792.761056 9340.325917
793.022707 9347.876358
793.284355 9355.229679
793.546000 9362.400606
793.807644 9369.401206
794.069285 9376.237098
794.330923 9382.904128
794.592560 9389.389179
794.854194 9395.671727
795.115825 9401.723241
795.377455 9407.511862
795.639082 9413.002892
795.900706 9418.167129
796.162329 9422.979383
796.423949 9427.420110
796.685566 9431.474436
796.947182 9435.134252
797.208795 9438.394035
797.470405 9441.256198
797.732013 9443.723828
797.993619 9445.804886
798.255223 9447.512707
798.516824 9448.867897
798.778423 9449.897078
799.040019 9450.635006
799.301613 9451.120703
799.563205 9451.396226
799.824795 9451.505361
800.086382 9451.486576
800.347966 9451.372544
800.609549 9451.190903
800.871128 9450.961799
801.132706 9450.699633
801.394281 9450.417863
801.655854 9450.132605
801.917425 9449.862405
802.178993 9449.635965
802.440558 9449.491196
802.702122 9449.469383
802.963683 9449.617032
803.225241 9449.981638
803.486797 9450.606013
803.748351 9451.522237
804.009903 9452.747953
804.271452 9454.292619
804.532999 9456.149190
804.794543 9458.301275
805.056085 9460.726241
805.317624 9463.398674
805.579161 9466.295156
805.840696 9469.398425
806.102229 9472.699752
806.363759 9476.194192
806.625286 9479.887930
806.886811 9483.785318
807.148334 9487.898246
807.409855 9492.233844
807.671373 9496.795605
807.932888 9501.587113
808.194401 9506.602988
808.455912 9511.837101
808.717421 9517.281482
808.978927 9522.921681
809.240430 9528.743831
809.501931 9534.733379
809.763430 9540.871606
810.024926 9547.135881
810.286420 9553.506455
810.547912 9559.959289
810.809401 9566.471096
811.070888 9573.020041
811.332372 9579.589841
811.593854 9586.174429
811.855334 9592.776423
812.116811 9599.409352
812.378285 9606.094195
812.639757 9612.861386
812.901227 9619.743091
813.162695 9626.770689
813.424159 9633.966939
813.685622 9641.343576
813.947082 9648.899567
814.208540 9656.622938
814.469995 9664.490290
814.731448 9672.472014
814.992898 9680.537832
815.254346 9688.658858
815.515791 9696.814205
815.777235 9704.988947
816.038675 9713.178132
816.300113 9721.378667
816.561549 9729.589399
816.822982 9737.806370
817.084413 9746.015781
817.345842 9754.192994
817.607268 9762.305490
817.868691 9770.309213
818.130112 9778.151467
818.391531 9785.778496
818.652947 9793.137731
818.914361 9800.183826
819.175772 9806.876282
819.437181 9813.187973
819.698587 9819.101579
819.959991 9824.608803
820.221392 9829.708964
820.482791 9834.404689
