599.902767 2390.494994
600.165784 2392.001631
600.428800 2394.012304
600.691815 2396.561821
600.954828 2399.667286
601.217840 2403.328376
601.480851 2407.526148
601.743860 2412.223058
602.006867 2417.367762
602.269874 2422.894876
602.532878 2428.731552
602.795882 2434.799866
603.058884 2441.019975
603.321885 2447.315792
603.584884 2453.615222
603.847882 2459.856224
604.110878 2465.985935
604.373873 2471.963628
604.636867 2477.760583
604.899859 2483.360704
605.162850 2488.760462
605.425839 2493.965835
605.688827 2498.992261
605.951813 2503.861145
606.214799 2508.598619
606.477782 2513.231740
606.740764 2517.787281
607.003745 2522.288221
607.266725 2526.752455
607.529703 2531.194409
607.792679 2535.622721
608.055654 2540.037477
608.318628 2544.439327
608.581600 2548.825553
608.844571 2553.190609
609.107541 2557.534875
609.370509 2561.861475
609.633475 2566.179731
609.896440 2570.506469
610.159404 2574.864568
610.422366 2579.286910
610.685327 2583.808523
610.948286 2588.469271
611.211244 2593.308448
611.474201 2598.363091
611.737156 2603.661544
612.000109 2609.224455
612.263061 2615.060144
612.526012 2621.165035
612.788961 2627.521366
613.051909 2634.102449
613.314855 2640.870402
613.577800 2647.783538
613.840743 2654.798394
614.103685 2661.871562
614.366626 2668.967436
614.629565 2676.056476
614.892502 2683.118427
615.155439 2690.143389
615.418373 2697.129155
615.681306 2704.081496
615.944238 2711.010906
616.207168 2717.929995
616.470097 2724.850079
616.733024 2731.779696
616.995950 2738.720658
617.258874 2745.668739
617.521797 2752.610032
617.784719 2759.522102
618.047639 2766.377067
618.310557 2773.140381
618.573474 2779.774766
618.836390 2786.241506
619.099304 2792.503784
619.362216 2798.528949
619.625127 2804.289423
619.888037 2809.765213
620.150945 2814.944272
620.413851 2819.822828
620.676756 2824.404372
620.939660 2828.699867
621.202562 2832.725156
621.465463 2836.501950
621.728362 2840.055014
621.991259 2843.412728
622.254155 2846.605593
622.517050 2849.664849
622.779943 2852.623141
623.042835 2855.517636
623.305725 2858.381787
623.568614 2861.251627
623.831501 2864.163191
624.094386 2867.149430
624.357270 2870.241452
624.620153 2873.465541
624.883034 2876.844367
625.145914 2880.394600
625.408792 2884.126370
625.671668 2888.042597
625.934543 2892.141615
626.197417 2896.416493
626.460289 2900.855786
626.723159 2905.446799
626.986028 2910.176573
627.248895 2915.031806
627.511761 2920.004011
627.774626 2925.087726
628.037489 2930.281541
628.300350 2935.590074
628.563210 2941.021842
628.826068 2946.588921
629.088925 2952.306449
629.351780 2958.189447
629.614634 2964.254136
629.877486 2970.515218
630.140336 2976.984197
630.403185 2983.668889
630.666033 2990.572531
630.928879 2997.694422
631.191723 3005.026056
631.454566 3012.554947
631.717408 3020.262633
631.980247 3028.124670
632.243086 3036.111998
632.505922 3044.191794
632.768758 3052.327905
633.031591 3060.480617
633.294423 3068.608930
633.557254 3076.673115
633.820083 3084.634558
634.082910 3092.456619
634.345736 3100.106830
634.608560 3107.556513
634.871383 3114.783517
635.134204 3121.769994
635.397024 3128.505897
635.659842 3134.985940
635.922658 3141.210357
636.185473 3147.186623
636.448287 3152.925451
636.711098 3158.443036
636.973909 3163.758870
637.236717 3168.895301
637.499524 3173.875995
637.762330 3178.727571
638.025134 3183.475727
638.287936 3188.146255
638.550737 3192.764660
638.813536 3197.354570
639.076334 3201.937039
639.339130 3206.532361
639.601924 3211.156100
639.864717 3215.820656
640.127508 3220.534509
640.390298 3225.300850
640.653086 3230.118390
640.915873 3234.979933
641.178658 3239.874314
641.441441 3244.786692
641.704223 3249.699670
641.967003 3254.594961
642.229782 3259.458140
642.492558 3264.277215
642.755334 3269.046247
643.018108 3273.766220
643.280880 3278.447447
643.543650 3283.106661
643.806419 3287.769158
644.069187 3292.464363
644.331953 3297.226016
644.594717 3302.087476
644.857479 3307.080302
645.120240 3312.231523
645.383000 3317.562705
645.645757 3323.086901
645.908513 3328.808162
646.171268 3334.723634
646.434021 3340.821635
646.696772 3347.084920
646.959522 3353.490569
647.222270 3360.012540
647.485016 3366.622618
647.747761 3373.292971
648.010504 3379.996378
648.273246 3386.707410
648.535985 3393.401636
648.798724 3400.058294
649.061460 3406.658816
649.324195 3413.187524
649.586929 3419.630384
649.849661 3425.975042
650.112391 3432.211277
650.375119 3438.332079
650.637846 3444.331438
650.900571 3450.205547
651.163295 3455.950965
651.426017 3461.567308
651.688737 3467.052944
651.951456 3472.405872
652.214173 3477.625078
652.476888 3482.707939
652.739602 3487.648674
653.002314 3492.440771
653.265025 3497.079003
653.527733 3501.557781
653.790440 3505.873284
654.053146 3510.026144
654.315850 3514.021675
654.578552 3517.870365
654.841252 3521.590518
655.103951 3525.204064
655.366649 3528.739050
655.629344 3532.227092
655.892038 3535.700809
656.154730 3539.192414
656.417421 3542.733394
656.680110 3546.351468
656.942797 3550.070367
657.205482 3553.907888
657.468166 3557.877643
657.730849 3561.990536
657.993529 3566.251439
658.256208 3570.664646
658.518885 3575.231495
658.781561 3579.951897
659.044235 3584.827137
659.306907 3589.856893
659.569577 3595.042671
659.832246 3600.386278
660.094913 3605.892543
660.357579 3611.564975
660.620242 3617.409884
660.882904 3623.433240
661.145565 3629.642864
661.408224 3636.045018
661.670881 3642.644404
661.933536 3649.444534
662.196190 3656.445769
662.458841 3663.644176
662.721492 3671.033206
662.984140 3678.601317
663.246787 3686.334078
663.509432 3694.215569
663.772076 3702.224752
664.034717 3710.343533
664.297358 3718.551794
664.559996 3726.832027
664.822633 3735.165542
665.085267 3743.538602
665.347901 3751.933761
665.610532 3760.336765
665.873162 3768.731276
666.135790 3777.097831
666.398417 3785.414814
666.661041 3793.658382
666.923664 3801.800636
667.186285 3809.810310
667.448905 3817.656413
667.711523 3825.309922
667.974139 3832.740585
668.236753 3839.923528
668.499366 3846.837602
668.761977 3853.467426
669.024586 3859.803176
669.287193 3865.841288
669.549799 3871.583535
669.812403 3877.037597
670.075005 3882.214151
670.337606 3887.127403
670.600205 3891.793182
670.862802 3896.228520
671.125397 3900.449112
671.387991 3904.469666
671.650583 3908.305572
671.913173 3911.967966
672.175761 3915.467039
672.438348 3918.811868
672.700933 3922.007202
672.963516 3925.059442
673.226097 3927.971917
673.488677 3930.751300
673.751255 3933.404949
674.013831 3935.941298
674.276406 3938.373583
674.538978 3940.716361
674.801549 3942.990087
675.064118 3945.216093
675.326686 3947.420759
675.589251 3949.630655
675.851815 3951.874540
676.114377 3954.178748
676.376938 3956.570001
676.639496 3959.072133
676.902053 3961.706384
677.164608 3964.489592
677.427162 3967.437128
677.689713 3970.558489
677.952263 3973.863425
678.214811 3977.357309
678.477357 3981.043529
678.739902 3984.927338
679.002444 3989.010193
679.264985 3993.294755
679.527524 3997.784970
679.790062 4002.485090
680.052597 4007.398135
680.315131 4012.533184
680.577663 4017.893196
680.840193 4023.485001
681.102722 4029.314524
681.365249 4035.384598
681.627773 4041.694380
681.890297 4048.239835
682.152818 4055.010268
682.415337 4061.989228
682.677855 4069.153220
682.940371 4076.474257
683.202885 4083.917035
683.465398 4091.443535
683.727908 4099.013963
683.990417 4106.588615
684.252924 4114.128563
684.515429 4121.599204
684.777932 4128.968414
685.040434 4136.212834
685.302934 4143.311443
685.565432 4150.250529
685.827928 4157.018965
686.090422 4163.610256
686.352914 4170.021333
686.615405 4176.247507
686.877894 4182.289217
687.140381 4188.147381
687.402866 4193.822159
687.665350 4199.317961
687.927831 4204.641240
688.190311 4209.799644
688.452789 4214.804692
688.715265 4219.670585
688.977740 4224.415771
689.240212 4229.059730
689.502683 4233.625768
689.765152 4238.133790
690.027619 4242.605382
690.290084 4247.058769
690.552548 4251.508513
690.815009 4255.965324
691.077469 4260.434208
691.339927 4264.915949
691.602383 4269.407504
691.864837 4273.902960
692.127289 4278.396117
692.389740 4282.879695
692.652189 4287.351326
692.914635 4291.811955
693.177080 4296.269102
693.439524 4300.737047
693.701965 4305.234817
693.964404 4309.790041
694.226842 4314.433111
694.489278 4319.196960
694.751712 4324.114379
695.014144 4329.215009
695.276574 4334.520933
695.539003 4340.053143
695.801429 4345.819177
696.063854 4351.819974
696.326277 4358.049200
696.588697 4364.493589
696.851117 4371.134266
697.113534 4377.948409
697.375949 4384.911945
697.638363 4391.999002
697.900774 4399.185435
698.163184 4406.447686
698.425592 4413.763235
698.687998 4421.112428
698.950402 4428.474605
699.212804 4435.833388
699.475205 4443.172743
699.737603 4450.481078
700.000000 4457.747049
700.262395 4464.965612
700.524788 4472.134267
700.787179 4479.255468
701.049568 4486.336410
701.311955 4493.384535
701.574341 4500.411700
701.836724 4507.426725
702.099106 4514.438012
702.361485 4521.450419
702.623863 4528.464917
702.886239 4535.473743
703.148613 4542.466790
703.410985 4549.426706
703.673356 4556.332478
703.935724 4563.157616
704.198090 4569.874454
704.460455 4576.454022
704.722818 4582.867428
704.985178 4589.086193
705.247537 4595.084060
705.509894 4600.836750
705.772249 4606.321179
706.034603 4611.518270
706.296954 4616.413155
706.559303 4620.992181
706.821651 4625.246932
707.083996 4629.174885
707.346340 4632.779564
707.608681 4636.070549
707.871021 4639.062752
708.133359 4641.779711
708.395695 4644.249956
708.658029 4646.508981
708.920361 4648.593583
709.182691 4650.544938
709.445020 4652.404218
709.707346 4654.212042
709.969671 4656.004949
710.231993 4657.815672
710.494314 4659.668776
710.756632 4661.584529
711.018949 4663.574944
711.281264 4665.646158
711.543577 4667.797820
711.805888 4670.025184
712.068197 4672.320446
712.330504 4674.672049
712.592809 4677.069239
712.855112 4679.500666
713.117413 4681.957274
713.379713 4684.433247
713.642010 4686.925073
713.904305 4689.436354
714.166599 4691.974156
714.428890 4694.551799
714.691180 4697.185234
714.953468 4699.897852
715.215753 4702.715127
715.478037 4705.664894
715.740319 4708.777884
716.002599 4712.083201
716.264876 4715.610142
716.527152 4719.383669
716.789426 4723.424546
717.051698 4727.748972
717.313968 4732.365188
717.576236 4737.273245
717.838502 4742.467945
718.100767 4747.936431
718.363029 4753.657668
718.625289 4759.606480
718.887547 4765.754240
719.149804 4772.068215
719.412058 4778.516968
719.674310 4785.071436
719.936561 4791.706461
720.198809 4798.400875
720.461055 4805.141701
720.723300 4811.919828
720.985542 4818.733487
721.247783 4825.582372
721.510021 4832.471428
721.772258 4839.404438
722.034492 4846.384173
722.296725 4853.409343
722.558956 4860.477461
722.821184 4867.581748
723.083411 4874.711823
723.345635 4881.854991
723.607858 4888.998331
723.870079 4896.128815
724.132297 4903.234496
724.394514 4910.305798
724.656728 4917.336062
724.918941 4924.321479
725.181152 4931.258987
725.443360 4938.148493
725.705567 4944.990312
725.967772 4951.785569
726.229974 4958.533837
726.492175 4965.235771
726.754374 4971.890333
727.016570 4978.496291
727.278765 4985.050621
727.540957 4991.548303
727.803148 4997.981534
728.065337 5004.339323
728.327523 5010.606474
728.589708 5016.762803
728.851890 5022.783828
729.114071 5028.639615
729.376249 5034.297669
729.638426 5039.724715
729.900600 5044.888998
730.162773 5049.759097
730.424943 5054.312463
730.687112 5058.531846
730.949278 5062.410558
731.211442 5065.952578
731.473605 5069.172790
731.735765 5072.094681
731.997923 5074.750008
732.260079 5077.179114
732.522233 5079.425011
732.784386 5081.532316
733.046536 5083.545186
733.308684 5085.509353
733.570830 5087.463562
733.832974 5089.443351
734.095116 5091.479944
734.357256 5093.597677
734.619394 5095.816264
734.881529 5098.147656
735.143663 5100.602114
735.405795 5103.181157
735.667925 5105.886116
735.930052 5108.711463
736.192178 5111.650279
736.454301 5114.693363
736.716423 5117.829562
736.978542 5121.045900
737.240660 5124.333965
737.502775 5127.680633
737.764888 5131.077923
738.026999 5134.516710
738.289108 5137.996086
738.551215 5141.513800
738.813320 5145.075801
739.075423 5148.689914
739.337524 5152.370461
739.599623 5156.134422
739.861720 5160.004074
740.123814 5164.003786
740.385907 5168.157949
740.647997 5172.490411
740.910086 5177.023772
741.172172 5181.776294
741.434256 5186.760052
741.696339 5191.980037
741.958419 5197.432125
742.220497 5203.105834
742.482573 5208.981419
742.744647 5215.030491
743.006718 5221.219051
743.268788 5227.508308
743.530856 5233.856173
743.792921 5240.218938
744.054985 5246.556881
744.317046 5252.831104
744.579105 5259.009001
744.841162 5265.063071
745.103218 5270.975846
745.365270 5276.734343
745.627321 5282.334531
745.889370 5287.777207
746.151417 5293.069362
746.413461 5298.222003
746.675504 5303.249406
746.937544 5308.165785
747.199582 5312.988899
747.461619 5317.735787
747.723653 5322.424561
747.985685 5327.068427
748.247714 5331.680030
748.509742 5336.271343
748.771768 5340.846735
749.033791 5345.407063
749.295813 5349.946811
749.557832 5354.454024
749.819849 5358.911671
750.081864 5363.295131
750.343877 5367.576628
750.605888 5371.726825
750.867896 5375.716788
751.129903 5379.521692
751.391907 5383.121665
751.653910 5386.507380
751.915910 5389.680473
752.177908 5392.650329
752.439904 5395.441551
752.701897 5398.086895
752.963889 5400.629078
753.225878 5403.110647
753.487866 5405.581643
753.749851 5408.087502
754.011834 5410.670562
754.273815 5413.364789
754.535794 5416.196293
754.797771 5419.178665
755.059745 5422.317439
755.321717 5425.608893
755.583688 5429.040479
755.845656 5432.593850
756.107622 5436.248617
756.369585 5439.983971
756.631547 5443.781738
756.893507 5447.629075
757.155464 5451.518281
757.417419 5455.449726
757.679372 5459.430957
757.941323 5463.475622
758.203272 5467.601397
758.465218 5471.830681
758.727163 5476.187186
758.989105 5480.694252
759.251045 5485.372928
759.512983 5490.242290
759.774918 5495.316593
760.036852 5500.604704
760.298783 5506.111710
760.560713 5511.836227
760.822640 5517.772062
761.084565 5523.907008
761.346487 5530.224674
761.608408 5536.705682
761.870326 5543.327003
762.132242 5550.062939
762.394156 5556.889324
762.656068 5563.781247
762.917978 5570.719641
763.179885 5577.684976
763.441790 5584.663171
763.703694 5591.648021
763.965594 5598.632919
764.227493 5605.619136
764.489390 5612.609542
764.751284 5619.609721
765.013176 5626.626282
765.275066 5633.667065
765.536954 5640.736768
765.798839 5647.839832
766.060723 5654.978402
766.322604 5662.152288
766.584483 5669.355887
766.846360 5676.581509
767.108234 5683.818861
767.370107 5691.051240
767.631977 5698.261977
767.893845 5705.427919
768.155710 5712.524723
768.417574 5719.525151
768.679435 5726.400066
768.941294 5733.119321
769.203151 5739.653717
769.465006 5745.974202
769.726858 5752.055162
769.988709 5757.873894
770.250557 5763.413004
770.512403 5768.662025
770.774246 5773.616711
771.036088 5778.279487
771.297927 5782.660153
771.559764 5786.774128
771.821598 5790.641840
772.083431 5794.287705
772.345261 5797.736661
772.607089 5801.014689
772.868915 5804.143787
773.130738 5807.147256
773.392560 5810.038988
773.654379 5812.828640
773.916196 5815.520316
774.178010 5818.112523
774.439823 5820.596083
774.701633 5822.957741
774.963441 5825.182543
775.225247 5827.249809
775.487050 5829.141981
775.748851 5830.842578
776.010650 5832.337378
776.272447 5833.618937
776.534241 5834.684233
776.796034 5835.537077
777.057824 5836.187372
777.319611 5836.652281
777.581397 5836.954279
777.843180 5837.120012
778.104961 5837.181862
778.366740 5837.174631
778.628516 5837.134571
778.890290 5837.100550
779.152062 5837.110203
779.413832 5837.201122
779.675599 5837.408888
779.937364 5837.765403
780.199127 5838.296845
780.460888 5839.026031
780.722646 5839.969335
780.984402 5841.135202
781.246156 5842.529135
781.507907 5844.150815
781.769657 5845.994821
782.031404 5848.053947
782.293148 5850.321610
782.554891 5852.785228
782.816631 5855.436773
783.078369 5858.266288
783.340104 5861.263602
783.601838 5864.420056
783.863569 5867.725588
784.125298 5871.170267
784.387024 5874.745145
784.648748 5878.443444
784.910470 5882.257535
785.172190 5886.184765
785.433907 5890.225115
785.695622 5894.380848
785.957335 5898.659105
786.219045 5903.068317
786.480753 5907.619709
786.742459 5912.325419
787.004163 5917.197855
787.265864 5922.247139
787.527563 5927.480571
787.789259 5932.903280
788.050954 5938.513082
788.312646 5944.307980
788.574335 5950.278889
788.836023 5956.411488
789.097708 5962.689345
789.359391 5969.091234
789.621071 5975.595462
789.882749 5982.175117
790.144425 5988.804463
790.406099 5995.455191
790.667770 6002.100704
790.929439 6008.717689
791.191106 6015.284571
791.452770 6021.786416
791.714432 6028.213045
791.976091 6034.559463
792.237749 6040.825533
792.499404 6047.020228
792.761056 6053.154174
793.022707 6059.240929
793.284355 6065.295535
793.546000 6071.332405
793.807644 6077.367111
794.069285 6083.408174
794.330923 6089.463764
794.592560 6095.535014
794.854194 6101.618900
795.115825 6107.708611
795.377455 6113.793749
795.639082 6119.857097
795.900706 6125.882681
796.162329 6131.848524
796.423949 6137.736829
796.685566 6143.527467
796.947182 6149.202259
797.208795 6154.744161
797.470405 6160.141010
797.732013 6165.382661
797.993619 6170.460577
798.255223 6175.370154
798.516824 6180.107064
798.778423 6184.672334
799.040019 6189.064691
799.301613 6193.284788
799.563205 6197.331970
799.824795 6201.209596
800.086382 6204.917518
800.347966 6208.458683
800.609549 6211.837960
800.871128 6215.057418
801.132706 6218.124618
801.394281 6221.044537
801.655854 6223.824366
801.917425 6226.471868
802.178993 6228.996675
802.440558 6231.409421
802.702122 6233.722708
802.963683 6235.950124
803.225241 6238.108981
803.486797 6240.216984
803.748351 6242.294741
804.009903 6244.362551
804.271452 6246.440386
804.532999 6248.546906
804.794543 6250.699578
805.056085 6252.914308
805.317624 6255.201687
805.579161 6257.570029
805.840696 6260.024784
806.102229 6262.566884
806.363759 6265.195148
806.625286 6267.903944
806.886811 6270.684537
807.148334 6273.522472
807.409855 6276.397710
807.671373 6279.288339
807.932888 6282.166950
808.194401 6284.999867
808.455912 6287.757004
808.717421 6290.404362
808.978927 6292.915132
809.240430 6295.266195
809.501931 6297.443223
809.763430 6299.441005
810.024926 6301.262258
810.286420 6302.917176
810.547912 6304.428360
810.809401 6305.818127
811.070888 6307.113002
811.332372 6308.339971
811.593854 6309.525585
811.855334 6310.693680
812.116811 6311.865821
812.378285 6313.058236
812.639757 6314.292444
812.901227 6315.586728
813.162695 6316.960107
813.424159 6318.435592
813.685622 6320.036952
813.947082 6321.793403
814.208540 6323.734930
814.469995 6325.892084
814.731448 6328.293279
814.992898 6330.965583
815.254346 6333.928745
815.515791 6337.195145
815.777235 6340.769059
816.038675 6344.641025
816.300113 6348.793309
816.561549 6353.195047
816.822982 6357.805604
817.084413 6362.576464
817.345842 6367.452024
817.607268 6372.373131
817.868691 6377.280925
818.130112 6382.116580
818.391531 6386.828092
818.652947 6391.367562
818.914361 6395.695440
819.175772 6399.779998
819.437181 6403.596882
819.698587 6407.130222
819.959991 6410.370330
