# Fitted Temperatures:
# Downstream (K): 2388.7	1.3
# Upstream (K): 2374.9	1.4
# 
# Datacolumns:
# wavelength(nm)	DS_data	DS_fit
5.999248107355070943e+02 8.302629757380824458e+02 8.504422548130681889e+02
6.001880779860983921e+02 8.417615570822450763e+02 8.523242046492704276e+02
6.004513432336618735e+02 8.521854060568493878e+02 8.542078282820348250e+02
6.007146064769239047e+02 8.375845312015088666e+02 8.560931220869762228e+02
6.009778677146108521e+02 8.584156224876946908e+02 8.579800824345842329e+02
6.012411269454495368e+02 8.500889500560751912e+02 8.598687056902658696e+02
6.015043841681660979e+02 8.587872171956666989e+02 8.617589882143560089e+02
6.017676393814874700e+02 8.639547365539056045e+02 8.636509263621627497e+02
6.020308925841400196e+02 8.624342371554514557e+02 8.655445164839851486e+02
6.022941437748502267e+02 8.587337953738788201e+02 8.674397549251539203e+02
6.025573929523451397e+02 8.552227236868587852e+02 8.693366380260526967e+02
6.028206401153511251e+02 8.695268114849029644e+02 8.712351621221482674e+02
6.030838852625951176e+02 8.367678580957340273e+02 8.731353235440252547e+02
6.033471283928034836e+02 8.624881659970410510e+02 8.750371186174069180e+02
6.036103695047032716e+02 8.552610822709884815e+02 8.769405436631897146e+02
6.038736085970213026e+02 8.619216038227922354e+02 8.788455949974800205e+02
6.041368456684842840e+02 8.671010260784776165e+02 8.807522689316047035e+02
6.044000807178190371e+02 8.534689047234853660e+02 8.826605617721554609e+02
6.046633137437527239e+02 8.667918615794058042e+02 8.845704698210187189e+02
6.049265447450119382e+02 8.652221089292714851e+02 8.864819893753881388e+02
6.051897737203238421e+02 8.692546096325763756e+02 8.883951167278161165e+02
6.054530006684153705e+02 8.778366440801763702e+02 8.903098481662282211e+02
6.057162255880133443e+02 8.929856788255932543e+02 8.922261799739537764e+02
6.059794484778449259e+02 8.797051899749202448e+02 8.941441084297614452e+02
6.062426693366372774e+02 8.855260656125946070e+02 8.960636298078834443e+02
6.065058881631173335e+02 8.725735418235644829e+02 8.979847403780435116e+02
6.067691049560123702e+02 8.840276364596923031e+02 8.999074364054913531e+02
6.070323197140494358e+02 9.003380170013775796e+02 9.018317141510217425e+02
6.072955324359560336e+02 8.672701564767700120e+02 9.037575698710180632e+02
6.075587431204589848e+02 8.869523463591687005e+02 9.056849998174681105e+02
6.078219517662854514e+02 8.686156816266438909e+02 9.076140002379943326e+02
6.080851583721630504e+02 9.058292034420011305e+02 9.095445673758972589e+02
6.083483629368189440e+02 8.903296500504610549e+02 9.114766974701611844e+02
6.086115654589807491e+02 9.018464858926782881e+02 9.134103867555047600e+02
6.088747659373754004e+02 9.026127823146182436e+02 9.153456314623922481e+02
6.091379643707305149e+02 9.043645005610385397e+02 9.172824278170771777e+02
6.094011607577737095e+02 9.111976583067779529e+02 9.192207720416212169e+02
6.096643550972319190e+02 9.119954079933983166e+02 9.211606603539210028e+02
6.099275473878332150e+02 9.092112086710689027e+02 9.231020889677541845e+02
6.101907376283048734e+02 9.064150605181193896e+02 9.250450540927791963e+02
6.104539258173741700e+02 9.092196096400442684e+02 9.269895519345935782e+02
6.107171119537691766e+02 9.107669721758222749e+02 9.289355786947454590e+02
6.109802960362175099e+02 9.306906241688652699e+02 9.308831305707622050e+02
6.112434780634463323e+02 9.204287955473174634e+02 9.328322037561820252e+02
6.115066580341836016e+02 9.325914891309065524e+02 9.347827944405900098e+02
6.117698359471570484e+02 9.342850692179453063e+02 9.367348988096362064e+02
6.120330118010945171e+02 9.185305824197206448e+02 9.386885130450666566e+02
6.122961855947236245e+02 9.411157239022073782e+02 9.406436333247502262e+02
6.125593573267722149e+02 9.325059461963919603e+02 9.426002558227112331e+02
6.128225269959681327e+02 9.317110783660308471e+02 9.445583767091627578e+02
6.130856946010392221e+02 9.313428901404139424e+02 9.465179921505157381e+02
6.133488601407132137e+02 9.265534220634100393e+02 9.484790983094281955e+02
6.136120236137182928e+02 9.287014045294171183e+02 9.504416913448239939e+02
6.138751850187821901e+02 9.391518465614709612e+02 9.524057674119185322e+02
6.141383443546333183e+02 9.544130913635959814e+02 9.543713226622575121e+02
6.144015016199994079e+02 9.421539431906317077e+02 9.563383532437271697e+02
6.146646568136083033e+02 9.607196364746506561e+02 9.583068553006015691e+02
6.149278099341884172e+02 9.532460138187055918e+02 9.602768249735606787e+02
6.151909609804677075e+02 9.409110195854143512e+02 9.622482583997182246e+02
6.154541099511742459e+02 9.524151943440913328e+02 9.642211517126535227e+02
6.157172568450364452e+02 9.449770999266014542e+02 9.661955010424361490e+02
6.159804016607824906e+02 9.535001835454402226e+02 9.681713025156576578e+02
6.162435443971403402e+02 9.666088839148807210e+02 9.701485522554489762e+02
6.165066850528385203e+02 9.718001913834362995e+02 9.721272463815316769e+02
6.167698236266052163e+02 9.512014638905665151e+02 9.741073810102138850e+02
6.170329601171688410e+02 9.730619466599749785e+02 9.760889522544480315e+02
6.172960945232579206e+02 9.656359748748506036e+02 9.780719562238358549e+02
6.175592268436002996e+02 9.687114058482592327e+02 9.800563890246688743e+02
6.178223570769249591e+02 9.761874199919034254e+02 9.820422467599564698e+02
6.180854852219600843e+02 9.829847561156935853e+02 9.840295255294458912e+02
6.183486112774343155e+02 9.739370637659292242e+02 9.860182214296553411e+02
6.186117352420761790e+02 9.931009740924519065e+02 9.880083305538997820e+02
6.188748571146139739e+02 9.873926434882145031e+02 9.899998489923167426e+02
6.191379768937764538e+02 9.806723317675265434e+02 9.919927728319007656e+02
6.194010945782923727e+02 9.699279395620289961e+02 9.939870981565231887e+02
6.196642101668901432e+02 9.877332496825686121e+02 9.959828210469646592e+02
6.199273236582988602e+02 9.920533097123199013e+02 9.979799375809369621e+02
6.201904350512468227e+02 9.988395780140435818e+02 9.999784438331188312e+02
6.204535443444627845e+02 1.002990319169910663e+03 1.001978335875167545e+03
6.207166515366756130e+02 9.928418700790546154e+02 1.003979609775772474e+03
6.209797566266141757e+02 1.018708884394187180e+03 1.005982261600656670e+03
6.212428596130073402e+02 9.818111612071282934e+02 1.007986287412616434e+03
6.215059604945838601e+02 1.001670874681327064e+03 1.009991683271548254e+03
6.217690592700727166e+02 1.015665529011686544e+03 1.011998445234470751e+03
6.220321559382028909e+02 1.001128196711635837e+03 1.014006569355559236e+03
6.222952504977032504e+02 1.018036703873412421e+03 1.016016051686165611e+03
6.225583429473026627e+02 1.009599530994184647e+03 1.018026888274850080e+03
6.228214332857306772e+02 1.022168815462270345e+03 1.020039075167409578e+03
6.230845215117159341e+02 1.017974121854435680e+03 1.022052608406891750e+03
6.233476076239874146e+02 1.009177312710211595e+03 1.024067484033642131e+03
6.236106916212746683e+02 1.022378040413715780e+03 1.026083698085315973e+03
6.238737735023066762e+02 1.024920986643157676e+03 1.028101246596913370e+03
6.241368532658124195e+02 1.030594100508704059e+03 1.030120125600796428e+03
6.243999309105214479e+02 1.015894653649365409e+03 1.032140331126728370e+03
6.246630064351627425e+02 1.019400549582868621e+03 1.034161859201890366e+03
6.249260798384657392e+02 1.037101848523661829e+03 1.036184705850914042e+03
6.251891511191601012e+02 1.019238635540346536e+03 1.038208867095909227e+03
6.254522202759745824e+02 1.024701452737162526e+03 1.040234338956474630e+03
6.257152873076388460e+02 1.033468760983158745e+03 1.042261117449750145e+03
6.259783522128824416e+02 1.012111486566081567e+03 1.044289198590426622e+03
6.262414149904345777e+02 1.040882974354999533e+03 1.046318578390771791e+03
6.265044756390248040e+02 1.028348930225154845e+03 1.048349252860669367e+03
6.267675341573828973e+02 1.036928323154644204e+03 1.050381218007627922e+03
6.270305905442380663e+02 1.036049940111679916e+03 1.052414469836823400e+03
6.272936447983202015e+02 1.049277137703825701e+03 1.054449004351112535e+03
6.275566969183586252e+02 1.038752291702398452e+03 1.056484817551069682e+03
6.278197469030830007e+02 1.056963120490417168e+03 1.058521905435005010e+03
6.280827947512232186e+02 1.057476067384388216e+03 1.060560263998995651e+03
6.283458404615089421e+02 1.054691839443284152e+03 1.062599889236911167e+03
6.286088840326699483e+02 1.050327041982998026e+03 1.064640777140437422e+03
6.288719254634360141e+02 1.059564131460243061e+03 1.066682923699105231e+03
6.291349647525368027e+02 1.066326162938012430e+03 1.068726324900312193e+03
6.293980018987022049e+02 1.066416489695632208e+03 1.070770976729351787e+03
6.296610369006622250e+02 1.064068828455655876e+03 1.072816875169442255e+03
6.299240697571466399e+02 1.077444298573773949e+03 1.074864016201746153e+03
6.301871004668857950e+02 1.064168669317885133e+03 1.076912395805403548e+03
6.304501290286091262e+02 1.067023381021575915e+03 1.078962009957544069e+03
6.307131554410467515e+02 1.068796213073585022e+03 1.081012854633335564e+03
6.309761797029290165e+02 1.073722841765103567e+03 1.083064925805989560e+03
6.312392018129856979e+02 1.086686286523494800e+03 1.085118219446785815e+03
6.315022217699471412e+02 1.087416799011717330e+03 1.087172731525122572e+03
6.317652395725432370e+02 1.077993410153527066e+03 1.089228458008512462e+03
6.320282552195043309e+02 1.094265195345248003e+03 1.091285394862626845e+03
6.322912687095607680e+02 1.097108610192573906e+03 1.093343538051315136e+03
6.325542800414424391e+02 1.086330934670171246e+03 1.095402883536627769e+03
6.328172892138800307e+02 1.101123316904087460e+03 1.097463427278846666e+03
6.330802962256034334e+02 1.093854304741075339e+03 1.099525165236507064e+03
6.333433010753434473e+02 1.086040527888192855e+03 1.101588093366431849e+03
6.336063037618301905e+02 1.108466203099113500e+03 1.103652207623735194e+03
6.338693042837937810e+02 1.100503117965887213e+03 1.105717503961868488e+03
6.341323026399653600e+02 1.106976314330460355e+03 1.107783978332645120e+03
6.343952988290748181e+02 1.085412859600136926e+03 1.109851626686250938e+03
6.346582928498530691e+02 1.117175262218191392e+03 1.111920444971278812e+03
6.349212847010304586e+02 1.121085369472159300e+03 1.113990429134756596e+03
6.351842743813375591e+02 1.114219618154558020e+03 1.116061575122166687e+03
6.354472618895050573e+02 1.114409983700960765e+03 1.118133878877467396e+03
6.357102472242634121e+02 1.130613447338063679e+03 1.120207336343125917e+03
6.359732303843433101e+02 1.110737311392221500e+03 1.122281943460143793e+03
6.362362113684757787e+02 1.120690353784886611e+03 1.124357696168076245e+03
6.364991901753916181e+02 1.132229001116330437e+03 1.126434590405057179e+03
6.367621668038211737e+02 1.128681344678908317e+03 1.128512622107821926e+03
6.370251412524954731e+02 1.133415550274598445e+03 1.130591787211740211e+03
6.372881135201453162e+02 1.153585307766210917e+03 1.132672081650835707e+03
6.375510836055018444e+02 1.132944277903532338e+03 1.134753501357814912e+03
6.378140515072954031e+02 1.136351892251216441e+03 1.136836042264074422e+03
6.380770172242577019e+02 1.151509473540469344e+03 1.138919700299752776e+03
6.383399807551191998e+02 1.143834662918478443e+03 1.141004471393734775e+03
6.386029420986111518e+02 1.140981577570317768e+03 1.143090351473683313e+03
6.388659012534644717e+02 1.153901482219845320e+03 1.145177336466056659e+03
6.391288582184101870e+02 1.150270156482207312e+03 1.147265422296145971e+03
6.393918129921796663e+02 1.157968475344645640e+03 1.149354604888091217e+03
6.396547655735037097e+02 1.141923351524712871e+03 1.151444880164899587e+03
6.399177159611137995e+02 1.157397926280503043e+03 1.153536244048482786e+03
6.401806641537413043e+02 1.150487466115412190e+03 1.155628692459674767e+03
6.404436101501171379e+02 1.156404474261421683e+03 1.157722221318251968e+03
6.407065539489725552e+02 1.145456070366737322e+03 1.159816826542957187e+03
6.409694955490394932e+02 1.156424208549970899e+03 1.161912504051540736e+03
6.412324349490485247e+02 1.174644088952626589e+03 1.164009249760754528e+03
6.414953721477315867e+02 1.171710138531949497e+03 1.166107059586405512e+03
6.417583071438199340e+02 1.153716308027048626e+03 1.168205929443357718e+03
6.420212399360448217e+02 1.167591503541668544e+03 1.170305855245567727e+03
6.422841705231380729e+02 1.165542692785591726e+03 1.172406832906107184e+03
6.425470989038310563e+02 1.165108402685228157e+03 1.174508858337183483e+03
6.428100250768553678e+02 1.160652608669581923e+03 1.176611927450159556e+03
6.430729490409426035e+02 1.171436484794562602e+03 1.178716036155592747e+03
6.433358707948244728e+02 1.168727809193208259e+03 1.180821180363236635e+03
6.435987903372325718e+02 1.192287562741404599e+03 1.182927355982081281e+03
6.438617076668986101e+02 1.191627960231319094e+03 1.185034558920373684e+03
6.441246227825546384e+02 1.182499062768354406e+03 1.187142785085636206e+03
6.443875356829316843e+02 1.207238982311925383e+03 1.189252030384687941e+03
6.446504463667622531e+02 1.190927180431141323e+03 1.191362290723678825e+03
6.449133548327780545e+02 1.182834121453828857e+03 1.193473562008106910e+03
6.451762610797106845e+02 1.179158025366985612e+03 1.195585840142830875e+03
6.454391651062921937e+02 1.186959533462932086e+03 1.197699121032116182e+03
6.457020669112549740e+02 1.194333050720764504e+03 1.199813400579643030e+03
6.459649664933303939e+02 1.187663765977485582e+03 1.201928674688522051e+03
6.462278638512507314e+02 1.202897579940571859e+03 1.204044939261336822e+03
6.464907589837478099e+02 1.190656301992538602e+03 1.206162190200152509e+03
6.467536518895541349e+02 1.198480285447086089e+03 1.208280423406547015e+03
6.470165425674016433e+02 1.197991557660062199e+03 1.210399634781625764e+03
6.472794310160223858e+02 1.203899115215741631e+03 1.212519820226046704e+03
6.475423172341486406e+02 1.191617963898127982e+03 1.214640975640052375e+03
6.478052012205126857e+02 1.201737211487785316e+03 1.216763096923483999e+03
6.480680829738466855e+02 1.206611480981464183e+03 1.218886179975796040e+03
6.483309624928829180e+02 1.225763911239324443e+03 1.221010220696099395e+03
6.485938397763541161e+02 1.204317621400543430e+03 1.223135214983172318e+03
6.488567148229919894e+02 1.232131966078455434e+03 1.225261158735467916e+03
6.491195876315293845e+02 1.234292373558707823e+03 1.227388047851169404e+03
6.493824582006986930e+02 1.209042297634515762e+03 1.229515878228189877e+03
6.496453265292324204e+02 1.221277817435142651e+03 1.231644645764198003e+03
6.499081926158628448e+02 1.226472647651434045e+03 1.233774346356639853e+03
6.501710564593226991e+02 1.218461883942715758e+03 1.235904975902765955e+03
6.504339180583446023e+02 1.213551500514756299e+03 1.238036530299653577e+03
6.506967774116610599e+02 1.231924263675776729e+03 1.240169005444220602e+03
6.509596345180046910e+02 1.230988567726491965e+03 1.242302397233254396e+03
6.512224893761085696e+02 1.240116767033888664e+03 1.244436701563440010e+03
6.514853419847048599e+02 1.246822853485521136e+03 1.246571914331364269e+03
6.517481923425265222e+02 1.235749707313981844e+03 1.248708031433549422e+03
6.520110404483065167e+02 1.252955231287478910e+03 1.250845048766480204e+03
6.522738863007776899e+02 1.243818751146180830e+03 1.252982962226616110e+03
6.525367298986725473e+02 1.235139873505396054e+03 1.255121767710413678e+03
6.527995712407241626e+02 1.246251614445743371e+03 1.257261461114351050e+03
6.530624103256657236e+02 1.255130992561872517e+03 1.259402038334954341e+03
6.533252471522301903e+02 1.251392456589175254e+03 1.261543495268810830e+03
6.535880817191499546e+02 1.261285383849912250e+03 1.263685827812587831e+03
6.538509140251587723e+02 1.256019747384475068e+03 1.265829031863075443e+03
6.541137440689894902e+02 1.258248199428363023e+03 1.267973103317175628e+03
6.543765718493751820e+02 1.263285950255874923e+03 1.270118038071954288e+03
6.546393973650489215e+02 1.266168693360079715e+03 1.272263832024636031e+03
6.549022206147441238e+02 1.278217083112342607e+03 1.274410481072654875e+03
6.551650415971938628e+02 1.275930857094174598e+03 1.276557981113646292e+03
6.554278603111313259e+02 1.263842257201796883e+03 1.278706328045484270e+03
6.556906767552897008e+02 1.283017413730613271e+03 1.280855517766302000e+03
6.559534909284028572e+02 1.269033559875688070e+03 1.283005546174511892e+03
6.562163028292037552e+02 1.291279343216383040e+03 1.285156409168819664e+03
6.564791124564256961e+02 1.274836660443466371e+03 1.287308102648254362e+03
6.567419198088024359e+02 1.280444422504815520e+03 1.289460622512184500e+03
6.570047248850672759e+02 1.299834760158708150e+03 1.291613964660342617e+03
6.572675276839538583e+02 1.290851037468135701e+03 1.293768124992844605e+03
6.575303282041953707e+02 1.306787360135330118e+03 1.295923099410200166e+03
6.577931264445260240e+02 1.290989774479792459e+03 1.298078883813358743e+03
6.580559224036787782e+02 1.295610292495264048e+03 1.300235474103698380e+03
6.583187160803877305e+02 1.289865659798231036e+03 1.302392866183074830e+03
6.585815074733864094e+02 1.295871296302037763e+03 1.304551055953821333e+03
6.588442965814086847e+02 1.310636423190278492e+03 1.306710039318784311e+03
6.591070834031879713e+02 1.309976137896069531e+03 1.308869812181332009e+03
6.593698679374584799e+02 1.308940370410848800e+03 1.311030370445380413e+03
6.596326501829539666e+02 1.336287151141085360e+03 1.313191710015418266e+03
6.598954301384080736e+02 1.320540241090321615e+03 1.315353826796517978e+03
6.601582078025550118e+02 1.308202007587140542e+03 1.317516716694357910e+03
6.604209831741285370e+02 1.347016837038275071e+03 1.319680375615248067e+03
6.606837562518627465e+02 1.331941176378452610e+03 1.321844799466149652e+03
6.609465270344912824e+02 1.311502759525847750e+03 1.324009984154685526e+03
6.612092955207486966e+02 1.344337122387654290e+03 1.326175925589177496e+03
6.614720617093689725e+02 1.326273381202212477e+03 1.328342619678644951e+03
6.617348255990863208e+02 1.314022419685754812e+03 1.330510062332843745e+03
6.619975871886344976e+02 1.329108442936023721e+03 1.332678249462273470e+03
6.622603464767481682e+02 1.340195511668367089e+03 1.334847176978206107e+03
6.625231034621613162e+02 1.366435449060141082e+03 1.337016840792698304e+03
6.627858581436083796e+02 1.341581433043101470e+03 1.339187236818617976e+03
6.630486105198234554e+02 1.345782508063383375e+03 1.341358360969656815e+03
6.633113605895412093e+02 1.331678832310620919e+03 1.343530209160360982e+03
6.635741083514957381e+02 1.350693548072977592e+03 1.345702777306133612e+03
6.638368538044214802e+02 1.360235216054466946e+03 1.347876061323265276e+03
6.640995969470533282e+02 1.366986425436683703e+03 1.350050057128967865e+03
6.643623377781249246e+02 1.348091227679410395e+03 1.352224760641351622e+03
6.646250762963718444e+02 1.351099788246169965e+03 1.354400167779498815e+03
6.648878125005280708e+02 1.370353771796268575e+03 1.356576274463437812e+03
6.651505463893281558e+02 1.376166260462421860e+03 1.358753076614184693e+03
6.654132779615071058e+02 1.363447443931153430e+03 1.360930570153762574e+03
6.656760072157993591e+02 1.367727814248451750e+03 1.363108751005207296e+03
6.659387341509394673e+02 1.347282559136578357e+03 1.365287615092599026e+03
6.662014587656626645e+02 1.367350482733599847e+03 1.367467158341084769e+03
6.664641810587033888e+02 1.364625061162769043e+03 1.369647376676878366e+03
6.667269010287965330e+02 1.379171875705425691e+03 1.371828266027300060e+03
6.669896186746771036e+02 1.389248362674127293e+03 1.374009822320778085e+03
6.672523339950799937e+02 1.379076637134262455e+03 1.376192041486887547e+03
6.675150469887399822e+02 1.382269845782942866e+03 1.378374919456347243e+03
6.677777576543921896e+02 1.379806337924632999e+03 1.380558452161051491e+03
6.680404659907715086e+02 1.370998033681063816e+03 1.382742635534087867e+03
6.683031719966131732e+02 1.380616732767314488e+03 1.384927465509754256e+03
6.685658756706521899e+02 1.417108612781921011e+03 1.387112938023576589e+03
6.688285770116236790e+02 1.397836819312271700e+03 1.389299049012324531e+03
6.690912760182631018e+02 1.391481538583985184e+03 1.391485794414038537e+03
6.693539726893050101e+02 1.400739787492175537e+03 1.393673170168036677e+03
6.696166670234854337e+02 1.381116058094621621e+03 1.395861172214949647e+03
6.698793590195390379e+02 1.409027063434102502e+03 1.398049796496716226e+03
6.701420486762015116e+02 1.406105965315664662e+03 1.400239038956625791e+03
6.704047359922079750e+02 1.399104064749259351e+03 1.402428895539314681e+03
6.706674209662938893e+02 1.406244574207382584e+03 1.404619362190797347e+03
6.709301035971948295e+02 1.407249931043652168e+03 1.406810434858488861e+03
6.711927838836460296e+02 1.396091542633808558e+03 1.409002109491205374e+03
6.714554618243834057e+02 1.406510415165118502e+03 1.411194382039200264e+03
6.717181374181420779e+02 1.427095989237733193e+03 1.413387248454170276e+03
6.719808106636578486e+02 1.425860500954873714e+03 1.415580704689274626e+03
6.722434815596664066e+02 1.408703529031702828e+03 1.417774746699162506e+03
6.725061501049033268e+02 1.421607854577900980e+03 1.419969370439974227e+03
6.727688162981040705e+02 1.430650158325501025e+03 1.422164571869382144e+03
6.730314801380047811e+02 1.439387129570418892e+03 1.424360346946577465e+03
6.732941416233409200e+02 1.425947263526916913e+03 1.426556691632322099e+03
6.735568007528486305e+02 1.418045897624234840e+03 1.428753601888938647e+03
6.738194575252633740e+02 1.433358788355491470e+03 1.430951073680335639e+03
6.740821119393212939e+02 1.420892506083348280e+03 1.433149102972041192e+03
6.743447639937585336e+02 1.438616488133493704e+03 1.435347685731197089e+03
6.746074136873104408e+02 1.419500054176900221e+03 1.437546817926584026e+03
6.748700610187136135e+02 1.434005532742431797e+03 1.439746495528650030e+03
6.751327059867037406e+02 1.447685817422471700e+03 1.441946714509509775e+03
6.753953485900171927e+02 1.430189333742350300e+03 1.444147470842975736e+03
6.756579888273896586e+02 1.434863866257569953e+03 1.446348760504566371e+03
6.759206266975578501e+02 1.432408551246915067e+03 1.448550579471532956e+03
6.761832621992573422e+02 1.463200443225887057e+03 1.450752923722860714e+03
6.764458953312250742e+02 1.460314311447894397e+03 1.452955789239308842e+03
6.767085260921968484e+02 1.458110412605419015e+03 1.455159172003403683e+03
6.769711544809089219e+02 1.453782248765574195e+03 1.457363067999465329e+03
6.772337804960977792e+02 1.466474693815414184e+03 1.459567473213638550e+03
6.774964041365000185e+02 1.480610876225067614e+03 1.461772383633880736e+03
6.777590254008520105e+02 1.452044818663302749e+03 1.463977795250004874e+03
6.780216442878898988e+02 1.471310876566620209e+03 1.466183704053673409e+03
6.782842607963503951e+02 1.471959027017134531e+03 1.468390106038443946e+03
6.785468749249700977e+02 1.479130979131113008e+03 1.470596997199757880e+03
6.788094866724854910e+02 1.475567933400277298e+03 1.472804373534964043e+03
6.790720960376330595e+02 1.466351464691041201e+03 1.475012231043349630e+03
6.793347030191499698e+02 1.455343939740216001e+03 1.477220565726139739e+03
6.795973076157724790e+02 1.475674125208113082e+03 1.479429373586519887e+03
6.798599098262374127e+02 1.473227178521344285e+03 1.481638650629649646e+03
6.801225096492815965e+02 1.484806929072059120e+03 1.483848392862688343e+03
6.803851070836418558e+02 1.487729159806328880e+03 1.486058596294799372e+03
6.806477021280549025e+02 1.495536294690358091e+03 1.488269256937173850e+03
6.809102947812579032e+02 1.477100080174638833e+03 1.490480370803041978e+03
6.811728850419873424e+02 1.491503355575251362e+03 1.492691933907687599e+03
6.814354729089807279e+02 1.487968296336046706e+03 1.494903942268478204e+03
6.816980583809747714e+02 1.503208509526949911e+03 1.497116391904861757e+03
6.819606414567066395e+02 1.500544611379002163e+03 1.499329278838393520e+03
6.822232221349133852e+02 1.509758271799673139e+03 1.501542599092751061e+03
6.824858004143321750e+02 1.516081564908686005e+03 1.503756348693743121e+03
6.827483762936998346e+02 1.509804929696928639e+03 1.505970523669337808e+03
6.830109497717538716e+02 1.497258021119547720e+03 1.508185120049664420e+03
6.832735208472314525e+02 1.517931600387878234e+03 1.510400133867043451e+03
6.835360895188703125e+02 1.513996720111458671e+03 1.512615561155990235e+03
6.837986557854070497e+02 1.510074194348273522e+03 1.514831397953228361e+03
6.840612196455792855e+02 1.521556002307652079e+03 1.517047640297716498e+03
6.843237810981247549e+02 1.523672006913569248e+03 1.519264284230670683e+03
6.845863401417805107e+02 1.508736865700360568e+03 1.521481325795548628e+03
6.848488967752841745e+02 1.528974364850084157e+03 1.523698761038091561e+03
6.851114509973731401e+02 1.526542256541730012e+03 1.525916586006330135e+03
6.853740028067851426e+02 1.526464082589349800e+03 1.528134796750611031e+03
6.856365522022576897e+02 1.540760447538011704e+03 1.530353389323583087e+03
6.858990991825285164e+02 1.549641258522900216e+03 1.532572359780254828e+03
6.861616437463351303e+02 1.537469365111384604e+03 1.534791704177969677e+03
6.864241858924154940e+02 1.542243983861068045e+03 1.537011418576437791e+03
6.866867256195070013e+02 1.546627626415374607e+03 1.539231499037759932e+03
6.869492629263478420e+02 1.545776132136061051e+03 1.541451941626430880e+03
6.872117978116756376e+02 1.537876470993059002e+03 1.543672742409354669e+03
6.874743302742283504e+02 1.545724111005925579e+03 1.545893897455855722e+03
6.877368603127437154e+02 1.563437014188736612e+03 1.548115402837704096e+03
6.879993879259599225e+02 1.559733532117013965e+03 1.550337254629130712e+03
6.882619131126148204e+02 1.544825392572143983e+03 1.552559448906825537e+03
6.885244358714465989e+02 1.560017938164573252e+03 1.554781981749973284e+03
6.887869562011932203e+02 1.565780617159773556e+03 1.557004849240248404e+03
6.890494741005926471e+02 1.566630469814846720e+03 1.559228047461841015e+03
6.893119895683831828e+02 1.578294942296808586e+03 1.561451572501475084e+03
6.895745026033031309e+02 1.566778014630981488e+03 1.563675420448410023e+03
6.898370132040906810e+02 1.571000791554621856e+03 1.565899587394461605e+03
6.900995213694839094e+02 1.549081729010809340e+03 1.568124069434022886e+03
6.903620270982215743e+02 1.576147145757678345e+03 1.570348862664066473e+03
6.906245303890412970e+02 1.582315345306190693e+03 1.572573963184155900e+03
6.908870312406821768e+02 1.579458787426862500e+03 1.574799367096488368e+03
6.911495296518824034e+02 1.587888752859352735e+03 1.577025070505871099e+03
6.914120256213803941e+02 1.602296896101657694e+03 1.579251069519755674e+03
6.916745191479147934e+02 1.578924904849609447e+03 1.581477360248250307e+03
6.919370102302237910e+02 1.589585679878155361e+03 1.583703938804132804e+03
6.921994988670463727e+02 1.601888527585036172e+03 1.585930801302864666e+03
6.924619850571210691e+02 1.605206849607528966e+03 1.588157943862599495e+03
6.927244687991865248e+02 1.580270161864604233e+03 1.590385362604205056e+03
6.929869500919814982e+02 1.610273148591569452e+03 1.592613053651269411e+03
6.932494289342446336e+02 1.597743722712189310e+03 1.594841013130117290e+03
6.935119053247150305e+02 1.604855290720011453e+03 1.597069237169838516e+03
6.937743792621313332e+02 1.608655860039856634e+03 1.599297721902264811e+03
6.940368507452321865e+02 1.594338598326190322e+03 1.601526463462020729e+03
6.942993197727566894e+02 1.580739801019735751e+03 1.603755457986517740e+03
6.945617863434439414e+02 1.605497391603198821e+03 1.605984701615972654e+03
6.948242504560328143e+02 1.611875113940269330e+03 1.608214190493422848e+03
6.950867121092622938e+02 1.624529316131599217e+03 1.610443920764735822e+03
6.953491713018717064e+02 1.629945880167098267e+03 1.612673888578620790e+03
6.956116280325999242e+02 1.611301224764053359e+03 1.614904090086645738e+03
6.958740823001861600e+02 1.645109259433625311e+03 1.617134521443250833e+03
6.961365341033697405e+02 1.628591790317138930e+03 1.619365178805761843e+03
6.963989834408896513e+02 1.615721886995315572e+03 1.621596058334399004e+03
6.966614303114852191e+02 1.634311727065386776e+03 1.623827156192291341e+03
6.969238747138962253e+02 1.618839120119857171e+03 1.626058468545493497e+03
6.971863166468615418e+02 1.647221515171473357e+03 1.628289991562994373e+03
6.974487561091207226e+02 1.612040892231580756e+03 1.630521721416731452e+03
6.977111930994133218e+02 1.635451565984319132e+03 1.632753654281604440e+03
6.979736276164783249e+02 1.645935358072474855e+03 1.634985786335478224e+03
6.982360596590560817e+02 1.645586830923625030e+03 1.637218113759225616e+03
6.984984892258858054e+02 1.632715079615158402e+03 1.639450632736698026e+03
6.987609163157065950e+02 1.637280000411344872e+03 1.641683339454757288e+03
6.990233409272589142e+02 1.643383421615900033e+03 1.643916230103313183e+03
6.992857630592819760e+02 1.634224930238126262e+03 1.646149300875286826e+03
6.995481827105156754e+02 1.650653260774111686e+03 1.648382547966662514e+03
6.998105998796995664e+02 1.647996765936171414e+03 1.650615967576474986e+03
7.000730145655738852e+02 1.645012982405983848e+03 1.652849555906853084e+03
7.003354267668780722e+02 1.657176343839423225e+03 1.655083309162984506e+03
7.005978364823523634e+02 1.651617906803526012e+03 1.657317223553180611e+03
7.008602437107364267e+02 1.672609643331132702e+03 1.659551295288842311e+03
7.011226484507702708e+02 1.672047900208284545e+03 1.661785520584507140e+03
7.013850507011941318e+02 1.675649664867009733e+03 1.664019895657840152e+03
7.016474504607480185e+02 1.642165063925007416e+03 1.666254416729657351e+03
7.019098477281718260e+02 1.666433702021754698e+03 1.668489080023926817e+03
7.021722425022057905e+02 1.657487417022095315e+03 1.670723881767795774e+03
7.024346347815902618e+02 1.652565739824966613e+03 1.672958818191589671e+03
7.026970245650652487e+02 1.674680048345066325e+03 1.675193885528823785e+03
7.029594118513712147e+02 1.663242874049401507e+03 1.677429080016224589e+03
7.032217966392482822e+02 1.690579429678515908e+03 1.679664397893735668e+03
7.034841789274369148e+02 1.704576005603558997e+03 1.681899835404527948e+03
7.037465587146774624e+02 1.680103407003187158e+03 1.684135388795015615e+03
7.040089359997106158e+02 1.698372662528053297e+03 1.686371054314863159e+03
7.042713107812762701e+02 1.679505765371711959e+03 1.688606828216995837e+03
7.045336830581155709e+02 1.668309385913026517e+03 1.690842706757624683e+03
7.047960528289687545e+02 1.688894114613494139e+03 1.693078686196234230e+03
7.050584200925766254e+02 1.710774104817319312e+03 1.695314762795621618e+03
7.053207848476795334e+02 1.694591043072085540e+03 1.697550932821878860e+03
7.055831470930183968e+02 1.696904292184900441e+03 1.699787192544426262e+03
7.058455068273335655e+02 1.710882243919588973e+03 1.702023538236013337e+03
7.061078640493666398e+02 1.702346057553318587e+03 1.704259966172746090e+03
7.063702187578575149e+02 1.714976724487124329e+03 1.706496472634058364e+03
7.066325709515475637e+02 1.698029566000386467e+03 1.708733053902777328e+03
7.068949206291774772e+02 1.720485023071839123e+03 1.710969706265083914e+03
7.071572677894882872e+02 1.727007526353936555e+03 1.713206426010562836e+03
7.074196124312210259e+02 1.704738798509799835e+03 1.715443209432187814e+03
7.076819545531166114e+02 1.730487721257914700e+03 1.717680052826343399e+03
7.079442941539160756e+02 1.724278394826580097e+03 1.719916952492837936e+03
7.082066312323605644e+02 1.716644842488020004e+03 1.722153904734902426e+03
7.084689657871914505e+02 1.746581485428628866e+03 1.724390905859222130e+03
7.087312978171497662e+02 1.725917801578475974e+03 1.726627952175924065e+03
7.089936273209763158e+02 1.757369254162100788e+03 1.728865039998595421e+03
7.092559542974130409e+02 1.740535611489779285e+03 1.731102165644309480e+03
7.095182787452009734e+02 1.731271947266680399e+03 1.733339325433613112e+03
7.097806006630813727e+02 1.748380766160442363e+03 1.735576515690549968e+03
7.100429200497959528e+02 1.729744868757005406e+03 1.737813732742675256e+03
7.103052369040857457e+02 1.756634750355457300e+03 1.740050972921048015e+03
7.105675512246924654e+02 1.752819126036427178e+03 1.742288232560259985e+03
7.108298630103577125e+02 1.764157827158992404e+03 1.744525507998441981e+03
7.110921722598229735e+02 1.767993786571562168e+03 1.746762795577262978e+03
7.113544789718297352e+02 1.776616380804997107e+03 1.749000091641953077e+03
7.116167831451198253e+02 1.765612401376597745e+03 1.751237392541307372e+03
7.118790847784347307e+02 1.765272523119130938e+03 1.753474694627697318e+03
7.121413838705167336e+02 1.763237522534977643e+03 1.755711994257089145e+03
7.124036804201069799e+02 1.754185525497089657e+03 1.757949287789030222e+03
7.126659744259472973e+02 1.772553267506454404e+03 1.760186571586688842e+03
7.129282658867800819e+02 1.775389970584555158e+03 1.762423842016845128e+03
7.131905548013469343e+02 1.776096540698349145e+03 1.764661095449904678e+03
7.134528411683899094e+02 1.793174771940797200e+03 1.766898328259907657e+03
7.137151249866508351e+02 1.773656217010583305e+03 1.769135536824545397e+03
7.139774062548718803e+02 1.790377796852583515e+03 1.771372717525163353e+03
7.142396849717953273e+02 1.789682582685030638e+03 1.773609866746775879e+03
7.145019611361626630e+02 1.768544608118500264e+03 1.775846980878060776e+03
7.147642347467167383e+02 1.796634879482420047e+03 1.778084056311392942e+03
7.150265058021992672e+02 1.780381784389200675e+03 1.780321089442838002e+03
7.152887743013528734e+02 1.810242710922732613e+03 1.782558076672165953e+03
7.155510402429196120e+02 1.794869081588616609e+03 1.784795014402861170e+03
7.158133036256419928e+02 1.801067282371722513e+03 1.787031899042123996e+03
7.160755644482622984e+02 1.796020087271042257e+03 1.789268727000897115e+03
7.163378227095230386e+02 1.816695994807726493e+03 1.791505494693859418e+03
7.166000784081664960e+02 1.803552832534966228e+03 1.793742198539439869e+03
7.168623315429351806e+02 1.790542388815022605e+03 1.795978834959827964e+03
7.171245821125719431e+02 1.819628145494695673e+03 1.798215400380984420e+03
7.173868301158192935e+02 1.814260573966100310e+03 1.800451891232647995e+03
7.176490755514196280e+02 1.824872538233767500e+03 1.802688303948344810e+03
7.179113184181157976e+02 1.831443873633548719e+03 1.804924634965394489e+03
7.181735587146506532e+02 1.827439182589081383e+03 1.807160880724926301e+03
7.184357964397665910e+02 1.821195822967562208e+03 1.809397037671877797e+03
7.186980315922066893e+02 1.847949230220181789e+03 1.811633102255020731e+03
7.189602641707140265e+02 1.842853394077668099e+03 1.813869070926949917e+03
7.192224941740311124e+02 1.831738330305991894e+03 1.816104940144105740e+03
7.194847216009009117e+02 1.844097245663487456e+03 1.818340706366773929e+03
7.197469464500665026e+02 1.826340321336819443e+03 1.820576366059100565e+03
7.200091687202713047e+02 1.851055151155739850e+03 1.822811915689104126e+03
7.202713884102578277e+02 1.830462499651760254e+03 1.825047351728673675e+03
7.205336055187691500e+02 1.819200202726893167e+03 1.827282670653577270e+03
7.207958200445488046e+02 1.841253951320290525e+03 1.829517868943494250e+03
7.210580319863398699e+02 1.856715248890455086e+03 1.831752943081984540e+03
7.213202413428856516e+02 1.848280632229819958e+03 1.833987889556533901e+03
7.215824481129294554e+02 1.849295635486029141e+03 1.836222704858539146e+03
7.218446522952143596e+02 1.861671426000983502e+03 1.838457385483320195e+03
7.221068538884840109e+02 1.862313972578404901e+03 1.840691927930142128e+03
7.223690528914817151e+02 1.851134689929423757e+03 1.842926328702203818e+03
7.226312493029510051e+02 1.855779808336633550e+03 1.845160584306662713e+03
7.228934431216353005e+02 1.857513422940596229e+03 1.847394691254634154e+03
7.231556343462782479e+02 1.856769182107571851e+03 1.849628646061197514e+03
7.234178229756234941e+02 1.883942286024587020e+03 1.851862445245415984e+03
7.236800090084143449e+02 1.870959439760323903e+03 1.854096085330324058e+03
7.239421924433947879e+02 1.861833725113346418e+03 1.856329562842965743e+03
7.242043732793085837e+02 1.867126196950066969e+03 1.858562874314375222e+03
7.244665515148993791e+02 1.878947006054805343e+03 1.860796016279591640e+03
7.247287271489108207e+02 1.879110504602844912e+03 1.863028985277674110e+03
7.249909001800871238e+02 1.882917582162474673e+03 1.865261777851711940e+03
7.252530706071721625e+02 1.887396447952220115e+03 1.867494390548812362e+03
7.255152384289096972e+02 1.882350001246882812e+03 1.869726819920134176e+03
7.257774036440436021e+02 1.873208377828306539e+03 1.871959062520873658e+03
7.260395662513184334e+02 1.884049284908009895e+03 1.874191114910291390e+03
7.263017262494777242e+02 1.892143148635557736e+03 1.876422973651702932e+03
7.265638836372659171e+02 1.880109028333714150e+03 1.878654635312500204e+03
7.268260384134267724e+02 1.903205041581028809e+03 1.880886096464141474e+03
7.270881905767049602e+02 1.891647778211338391e+03 1.883117353682181601e+03
7.273503401258446956e+02 1.894147979730180396e+03 1.885348403546265445e+03
7.276124870595901939e+02 1.902352420197320043e+03 1.887579242640132634e+03
7.278746313766856701e+02 1.906264271119656541e+03 1.889809867551633715e+03
7.281367730758756807e+02 1.904030996270799278e+03 1.892040274872729924e+03
7.283989121559044406e+02 1.910873277406009265e+03 1.894270461199513875e+03
7.286610486155169610e+02 1.909204705795395512e+03 1.896500423132199558e+03
7.289231824534570023e+02 1.900656693375862233e+03 1.898730157275134388e+03
7.291853136684696892e+02 1.911276898332405381e+03 1.900959660236813761e+03
7.294474422592994642e+02 1.910655039333219065e+03 1.903188928629887414e+03
7.297095682246911110e+02 1.930534100617995364e+03 1.905417959071154883e+03
7.299716915633891858e+02 1.929275516432637460e+03 1.907646748181585735e+03
7.302338122741382449e+02 1.926704899431986405e+03 1.909875292586312753e+03
7.304959303556835266e+02 1.917066258948238328e+03 1.912103588914665579e+03
7.307580458067695872e+02 1.938929331518363824e+03 1.914331633800136842e+03
7.310201586261413240e+02 1.927488389285009362e+03 1.916559423880422855e+03
7.312822688125436343e+02 1.913198860536705297e+03 1.918786955797424980e+03
7.315443763647215292e+02 1.926955486892897397e+03 1.921014226197233256e+03
7.318064812814203606e+02 1.957962088542282117e+03 1.923241231730170739e+03
7.320685835613845711e+02 1.949420085771942468e+03 1.925467969050760757e+03
7.323306832033597402e+02 1.941176831025929687e+03 1.927694434817770343e+03
7.325927802060905378e+02 1.956883268528047893e+03 1.929920625694180444e+03
7.328548745683227708e+02 1.946464258777976738e+03 1.932146538347224578e+03
7.331169662888012226e+02 1.969960216117301798e+03 1.934372169448379736e+03
7.333790553662715865e+02 1.933806020325117061e+03 1.936597515673377302e+03
7.336411417994785324e+02 1.950176569353924151e+03 1.938822573702190766e+03
7.339032255871680945e+02 1.949518234364404407e+03 1.941047340219083935e+03
7.341653067280852838e+02 1.957575628944289065e+03 1.943271811912568864e+03
7.344273852209760207e+02 1.964995154626688645e+03 1.945495985475454972e+03
7.346894610645850889e+02 1.974533527459862171e+03 1.947719857604816525e+03
7.349515342576586363e+02 1.974033001739324618e+03 1.949943425002031972e+03
7.352136047989422423e+02 1.974565204738429202e+03 1.952166684372776444e+03
7.354756726871812589e+02 1.956470323252719027e+03 1.954389632427013566e+03
7.357377379211214929e+02 1.955072992785405177e+03 1.956612265879034339e+03
7.359998004995087513e+02 1.962619177848777554e+03 1.958834581447423943e+03
7.362618604210887270e+02 1.971398150941365202e+03 1.961056575855108349e+03
7.365239176846072269e+02 1.974788425930695666e+03 1.963278245829324760e+03
7.367859722888103988e+02 1.988729612475576005e+03 1.965499588101655490e+03
7.370480242324435949e+02 1.967212678064913234e+03 1.967720599408013868e+03
7.373100735142535314e+02 1.983750285231833004e+03 1.969941276488657422e+03
7.375721201329854466e+02 1.973606512899473046e+03 1.972161616088193341e+03
7.378341640873857159e+02 1.983938474305494992e+03 1.974381614955588930e+03
7.380962053762006008e+02 1.995410291376185796e+03 1.976601269844180024e+03
7.383582439981763628e+02 1.985509323856286755e+03 1.978820577511652573e+03
7.386202799520585813e+02 1.996978913133713149e+03 1.981039534720076517e+03
7.388823132365942001e+02 1.998322710503562575e+03 1.983258138235906699e+03
7.391443438505289123e+02 2.011296875610130655e+03 1.985476384829963990e+03
7.394063717926093204e+02 1.983601934579297449e+03 1.987694271277475764e+03
7.396683970615817998e+02 1.997447446489140020e+03 1.989911794358062025e+03
7.399304196561927256e+02 2.011886584568556145e+03 1.992128950855734274e+03
7.401924395751885868e+02 2.002257613551428904e+03 1.994345737558928704e+03
7.404544568173158723e+02 2.010265462190622429e+03 1.996562151260472547e+03
7.407164713813210710e+02 2.023066760403747821e+03 1.998778188757619091e+03
7.409784832659508993e+02 2.007792276460697622e+03 2.000993846852054503e+03
7.412404924699519597e+02 2.010111214698210460e+03 2.003209122349881909e+03
7.415024989920709686e+02 2.032216920738942463e+03 2.005424012061629355e+03
7.417645028310544149e+02 1.988908438323422615e+03 2.007638512802283458e+03
7.420265039856495832e+02 2.031499999039902377e+03 2.009852621391260755e+03
7.422885024546028490e+02 2.046327856069642621e+03 2.012066334652428623e+03
7.425504982366613831e+02 2.029773781252986510e+03 2.014279649414109599e+03
7.428124913305719019e+02 2.025194951870799741e+03 2.016492562509085928e+03
7.430744817350815765e+02 2.025063751668738178e+03 2.018705070774597971e+03
7.433364694489370095e+02 2.027949535804943253e+03 2.020917171052362164e+03
7.435984544708859403e+02 2.015813717432501562e+03 2.023128860188569206e+03
7.438604367996748579e+02 2.031339804813914498e+03 2.025340135033880415e+03
7.441224164340511606e+02 2.029741227508262909e+03 2.027550992443444329e+03
7.443843933727619060e+02 2.041245247377102260e+03 2.029761429276901708e+03
7.446463676145548334e+02 2.023965408734215998e+03 2.031971442398385079e+03
7.449083391581766591e+02 2.052763246953133148e+03 2.034181028676515325e+03
7.451703080023748953e+02 2.058659627553807695e+03 2.036390184984429879e+03
7.454322741458970540e+02 2.047931569264110067e+03 2.038598908199765447e+03
7.456942375874903064e+02 2.029325498986703224e+03 2.040807195204674827e+03
7.459561983259026192e+02 2.053641056098957051e+03 2.043015042885818502e+03
7.462181563598809362e+02 2.048442681971069760e+03 2.045222448134389879e+03
7.464801116881731105e+02 2.057810880684741278e+03 2.047429407846096638e+03
7.467420643095266541e+02 2.063742886370186170e+03 2.049635918921189841e+03
7.470040142226895341e+02 2.067698612055868580e+03 2.051841978264446880e+03
7.472659614264090351e+02 2.064328675098381154e+03 2.054047582785173290e+03
7.475279059194331239e+02 2.074584045769342083e+03 2.056252729397243456e+03
7.477898477005096538e+02 2.073367639694284662e+03 2.058457415019052860e+03
7.480517867683863642e+02 2.075309773969352136e+03 2.060661636573572196e+03
7.483137231218112220e+02 2.068066065490599613e+03 2.062865390988314175e+03
7.485756567595321940e+02 2.086828670717545265e+03 2.065068675195353990e+03
7.488375876802970197e+02 2.070634446667329030e+03 2.067271486131331130e+03
7.490995158828541207e+02 2.072057999371306323e+03 2.069473820737459846e+03
7.493614413659514639e+02 2.090091190571140032e+03 2.071675675959524142e+03
7.496233641283370162e+02 2.067558401203363701e+03 2.073877048747876870e+03
7.498852841687588580e+02 2.092968984046538480e+03 2.076077936057461557e+03
7.501472014859656383e+02 2.073139235604715850e+03 2.078278334847811038e+03
7.504091160787052104e+02 2.067758942722339725e+03 2.080478242083035184e+03
7.506710279457261095e+02 2.101880883872130653e+03 2.082677654731844996e+03
7.509329370857768708e+02 2.074400880244031214e+03 2.084876569767549427e+03
7.511948434976055751e+02 2.081373721697612837e+03 2.087074984168042647e+03
7.514567471799606437e+02 2.100459939846241014e+03 2.089272894915847701e+03
7.517186481315909532e+02 2.089970124338653477e+03 2.091470298998077851e+03
7.519805463512446977e+02 2.095771752939085218e+03 2.093667193406467049e+03
7.522424418376707536e+02 2.108901579023059639e+03 2.095863575137362659e+03
7.525043345896174287e+02 2.111486529112880362e+03 2.098059441191731821e+03
7.527662246058337132e+02 2.111562369377454161e+03 2.100254788575170096e+03
7.530281118850682560e+02 2.104002078925947899e+03 2.102449614297886455e+03
7.532899964260698198e+02 2.108499262705182900e+03 2.104643915374735570e+03
7.535518782275872809e+02 2.110165259582187446e+03 2.106837688825196437e+03
7.538137572883695157e+02 2.117083307627118302e+03 2.109030931673393297e+03
7.540756336071652868e+02 2.110263805950294682e+03 2.111223640948082448e+03
7.543375071827236980e+02 2.126427388519459782e+03 2.113415813682675434e+03
7.545993780137940803e+02 2.139303260471245267e+03 2.115607446915220407e+03
7.548612460991251965e+02 2.112158911662999344e+03 2.117798537688426677e+03
7.551231114374659228e+02 2.109493903575899822e+03 2.119989083049652436e+03
7.553849740275659315e+02 2.119016609751760370e+03 2.122179080050914763e+03
7.556468338681742125e+02 2.118268610705913943e+03 2.124368525748895081e+03
7.559086909580398697e+02 2.130491018581516073e+03 2.126557417204938247e+03
7.561705452959124614e+02 2.142019721460340861e+03 2.128745751485053461e+03
7.564323968805413188e+02 2.123816562476482432e+03 2.130933525659926545e+03
7.566942457106753182e+02 2.127021664725977189e+03 2.133120736804907665e+03
7.569560917850649275e+02 2.139273286139009997e+03 2.135307382000041343e+03
7.572179351024589096e+02 2.145345669323899529e+03 2.137493458330036447e+03
7.574797756616065953e+02 2.122545888671078956e+03 2.139678962884287557e+03
7.577416134612584528e+02 2.135340492131967039e+03 2.141863892756885889e+03
7.580034485001633584e+02 2.153091895556915006e+03 2.144048245046602460e+03
7.582652807770714389e+02 2.136577805837960568e+03 2.146232016856901282e+03
7.585271102907321392e+02 2.135055358230389174e+03 2.148415205295945270e+03
7.587889370398955862e+02 2.156753661198205464e+03 2.150597807476595790e+03
7.590507610233112246e+02 2.134043838075834174e+03 2.152779820516410837e+03
7.593125822397291813e+02 2.155833220927622278e+03 2.154961241537655951e+03
7.595744006878992423e+02 2.158476931552693713e+03 2.157142067667299216e+03
7.598362163665715343e+02 2.151224603786359694e+03 2.159322296037022625e+03
7.600980292744961844e+02 2.175587578931922053e+03 2.161501923783222082e+03
7.603598394104229783e+02 2.179662037219767171e+03 2.163680948046995582e+03
7.606216467731021567e+02 2.159186610705005933e+03 2.165859365974175034e+03
7.608834513612837327e+02 2.170726749361982002e+03 2.168037174715296715e+03
7.611452531737184017e+02 2.162555078022462567e+03 2.170214371425636728e+03
7.614070522091558360e+02 2.184875727523023215e+03 2.172390953265179178e+03
7.616688484663466170e+02 2.191907496306834219e+03 2.174566917398645273e+03
7.619306419440414402e+02 2.194552589117918160e+03 2.176742260995488778e+03
7.621924326409902051e+02 2.184146342657123114e+03 2.178916981229882822e+03
7.624542205559433796e+02 2.188570538871796089e+03 2.181091075280753557e+03
7.627160056876520002e+02 2.205918244410642728e+03 2.183264540331751505e+03
7.629777880348659664e+02 2.195042373456049518e+03 2.185437373571269745e+03
7.632395675963363146e+02 2.197109301315661014e+03 2.187609572192444830e+03
7.635013443708137402e+02 2.197440430281176759e+03 2.189781133393160871e+03
7.637631183570484836e+02 2.190498490772583864e+03 2.191952054376040451e+03
7.640248895537915814e+02 2.221216899317030766e+03 2.194122332348458713e+03
7.642866579597940699e+02 2.186738386065738268e+03 2.196291964522550643e+03
7.645484235738065308e+02 2.212476265871648138e+03 2.198460948115191059e+03
7.648101863945798868e+02 2.226779555966134467e+03 2.200629280348016891e+03
7.650719464208649470e+02 2.223802109381675564e+03 2.202796958447418092e+03
7.653337036514128613e+02 2.224458990174107385e+03 2.204963979644552637e+03
7.655954580849746662e+02 2.222226625832538048e+03 2.207130341175332887e+03
7.658572097203015119e+02 2.224212255131113579e+03 2.209296040280438319e+03
7.661189585561444346e+02 2.235125118394144920e+03 2.211461074205311434e+03
7.663807045912546982e+02 2.214539520381379134e+03 2.213625440200165031e+03
7.666424478243833391e+02 2.225768965129815115e+03 2.215789135519977208e+03
7.669041882542819621e+02 2.227761052622177431e+03 2.217952157424501365e+03
7.671659258797014900e+02 2.230062355376225696e+03 2.220114503178264840e+03
7.674276606993937548e+02 2.235093684155168830e+03 2.222276170050568453e+03
7.676893927121100205e+02 2.237701054065966218e+03 2.224437155315488781e+03
7.679511219166015508e+02 2.223028095779821797e+03 2.226597456251881795e+03
7.682128483116198367e+02 2.224622633096523714e+03 2.228757070143381497e+03
7.684745718959170517e+02 2.245166830637525891e+03 2.230915994278414473e+03
7.687362926682441184e+02 2.253664519986674804e+03 2.233074225950174878e+03
7.689980106273534375e+02 2.255472512868246213e+03 2.235231762456659908e+03
7.692597257719959316e+02 2.265378089919574450e+03 2.237388601100634332e+03
7.695214381009240014e+02 2.281155817738423139e+03 2.239544739189668690e+03
7.697831476128891381e+02 2.283999583762973089e+03 2.241700174036117915e+03
7.700448543066432876e+02 2.255927499303409604e+03 2.243854902957123159e+03
7.703065581809386231e+02 2.272290155050926842e+03 2.246008923274631343e+03
7.705682592345266357e+02 2.274069632852853829e+03 2.248162232315367419e+03
7.708299574661594988e+02 2.274518549083353719e+03 2.250314827410865291e+03
7.710916528745896130e+02 2.264849490577784763e+03 2.252466705897454176e+03
7.713533454585685831e+02 2.267792279879946818e+03 2.254617865116256326e+03
7.716150352168492645e+02 2.276047531860955132e+03 2.256768302413211131e+03
7.718767221481831484e+02 2.281188782383307171e+03 2.258918015139033287e+03
7.721384062513227491e+02 2.282670157318108522e+03 2.261067000649258716e+03
7.724000875250205809e+02 2.281392457510572058e+03 2.263215256304226386e+03
7.726617659680289307e+02 2.274378748923767034e+03 2.265362779469078305e+03
7.729234415790999719e+02 2.287851120958287538e+03 2.267509567513760430e+03
7.731851143569866736e+02 2.282670927411770208e+03 2.269655617813032222e+03
7.734467843004407541e+02 2.309555879392582483e+03 2.271800927746452089e+03
7.737084514082156375e+02 2.322968819086958320e+03 2.273945494698406947e+03
7.739701156790634968e+02 2.255367681066085879e+03 2.276089316058072654e+03
7.742317771117368466e+02 2.299949560623867001e+03 2.278232389219452216e+03
7.744934357049887694e+02 2.283386524371521773e+03 2.280374711581365318e+03
7.747550914575716661e+02 2.311697240505046466e+03 2.282516280547424230e+03
7.750167443682387329e+02 2.295613654511595996e+03 2.284657093526087465e+03
7.752783944357423707e+02 2.296484137916941108e+03 2.286797147930604751e+03
7.755400416588360031e+02 2.291989374283864436e+03 2.288936441179053872e+03
7.758016860362722582e+02 2.284112928190503226e+03 2.291074970694331114e+03
7.760633275668042188e+02 2.309457122247517873e+03 2.293212733904150809e+03
7.763249662491848540e+02 2.298717940950517459e+03 2.295349728241040339e+03
7.765866020821673601e+02 2.305010884594658364e+03 2.297485951142356953e+03
7.768482350645050474e+02 2.292067434115276683e+03 2.299621400050283683e+03
7.771098651949509986e+02 2.292387157491596099e+03 2.301756072411810237e+03
7.773714924722581827e+02 2.319432010570792499e+03 2.303889965678758472e+03
7.776331168951805921e+02 2.310643305897974187e+03 2.306023077307781477e+03
7.778947384624707411e+02 2.318177407733672680e+03 2.308155404760334932e+03
7.781563571728828492e+02 2.317798045519939024e+03 2.310286945502728031e+03
7.784179730251696583e+02 2.290133463308711725e+03 2.312417697006070739e+03
7.786795860180852742e+02 2.309999010035463471e+03 2.314547656746314715e+03
7.789411961503828934e+02 2.311073872411426692e+03 2.316676822204236487e+03
7.792028034208161671e+02 2.299377771280745492e+03 2.318805190865428358e+03
7.794644078281389739e+02 2.303183517549294720e+03 2.320932760220325690e+03
7.797260093711047375e+02 2.317394832906253214e+03 2.323059527764188715e+03
7.799876080484673366e+02 2.310895966731660337e+03 2.325185490997097531e+03
7.802492038589807635e+02 2.308558735981399423e+03 2.327310647423973933e+03
7.805107968013985555e+02 2.304610906284428893e+03 2.329434994554557761e+03
7.807723868744748188e+02 2.350707026498685991e+03 2.331558529903433737e+03
7.810339740769636592e+02 2.287745335669553697e+03 2.333681250990004628e+03
7.812955584076185005e+02 2.307608368037335367e+03 2.335803155338504439e+03
7.815571398651942445e+02 2.317277891722966160e+03 2.337924240478009779e+03
7.818187184484442014e+02 2.329189040591581943e+03 2.340044503942414849e+03
7.820802941561230455e+02 2.322462142994810165e+03 2.342163943270456002e+03
7.823418669869848827e+02 2.327787389094381524e+03 2.344282556005700371e+03
7.826034369397840464e+02 2.349473508088930885e+03 2.346400339696538595e+03
7.828650040132745289e+02 2.346788923234775211e+03 2.348517291896198458e+03
7.831265682062111182e+02 2.326777334387018527e+03 2.350633410162753080e+03
7.833881295173478065e+02 2.326944878519488157e+03 2.352748692059085897e+03
7.836496879454394957e+02 2.343852235531290262e+03 2.354863135152932500e+03
7.839112434892404053e+02 2.370174673746222652e+03 2.356976737016847437e+03
7.841727961475052098e+02 2.345303155865775807e+03 2.359089495228229680e+03
7.844343459189884697e+02 2.346712571353781186e+03 2.361201407369302615e+03
7.846958928024448596e+02 2.351321246755225275e+03 2.363312471027124957e+03
7.849574367966290538e+02 2.357525311621669061e+03 2.365422683793591204e+03
7.852189779002958403e+02 2.356256034765594904e+03 2.367532043265425727e+03
7.854805161122004620e+02 2.359923128677667137e+03 2.369640547044190498e+03
7.857420514310972521e+02 2.349979338376273972e+03 2.371748192736276906e+03
7.860035838557411125e+02 2.340496371420467312e+03 2.373854977952903027e+03
7.862651133848875133e+02 2.373181155522488552e+03 2.375960900310132729e+03
7.865266400172910153e+02 2.336136221960931380e+03 2.378065957428850652e+03
7.867881637517069748e+02 2.349511346138752742e+03 2.380170146934781314e+03
7.870496845868904074e+02 2.354493218432176945e+03 2.382273466458478197e+03
7.873112025215965559e+02 2.340918675736451860e+03 2.384375913635324650e+03
7.875727175545803220e+02 2.378869704040792385e+03 2.386477486105535718e+03
7.878342296845975170e+02 2.382423988063971592e+03 2.388578181514166772e+03
7.880957389104032700e+02 2.333713859600004525e+03 2.390677997511091689e+03
7.883572452307527101e+02 2.379267081818235965e+03 2.392776931751019674e+03
7.886187486444013075e+02 2.356029467650704191e+03 2.394874981893491167e+03
7.888802491501049872e+02 2.355937264302982840e+03 2.396972145602880119e+03
7.891417467466191056e+02 2.346341908640647034e+03 2.399068420548381255e+03
7.894032414326989056e+02 2.379350661126834439e+03 2.401163804404025086e+03
7.896647332071003120e+02 2.353419173333278195e+03 2.403258294848667447e+03
7.899262220685791362e+02 2.375746008835889370e+03 2.405351889565994043e+03
7.901877080158909621e+02 2.369922748596390647e+03 2.407444586244517723e+03
7.904491910477914871e+02 2.389875645919374620e+03 2.409536382577576660e+03
7.907106711630366362e+02 2.382352684858779412e+03 2.411627276263337990e+03
7.909721483603825618e+02 2.390220890742621577e+03 2.413717265004800083e+03
7.912336226385848477e+02 2.356068909728430754e+03 2.415806346509772538e+03
7.914950939963994188e+02 2.382502974811166041e+03 2.417894518490897099e+03
7.917565624325826548e+02 2.400416571077653316e+03 2.419981778665645834e+03
7.920180279458907080e+02 2.346745817445085322e+03 2.422068124756310681e+03
7.922794905350793897e+02 2.393317255809627113e+03 2.424153554489997987e+03
7.925409501989051932e+02 2.409099728199094898e+03 2.426238065598648518e+03
7.928024069361242709e+02 2.398949577051230790e+03 2.428321655819013358e+03
7.930638607454930025e+02 2.407903571862185800e+03 2.430404322892675282e+03
7.933253116257675401e+02 2.421836310099029106e+03 2.432486064566028745e+03
7.935867595757043773e+02 2.389347542415247972e+03 2.434566878590289889e+03
7.938482045940602347e+02 2.404651927071461614e+03 2.436646762721491996e+03
7.941096466795914921e+02 2.418094152707290050e+03 2.438725714720491851e+03
7.943710858310543017e+02 2.414868563328944674e+03 2.440803732352947009e+03
7.946325220472059527e+02 2.406365335865741145e+03 2.442880813389353079e+03
7.948939553268027112e+02 2.419431599986241963e+03 2.444956955605002349e+03
7.951553856686012978e+02 2.421036223335675913e+03 2.447032156780007426e+03
7.954168130713586606e+02 2.411531806087738460e+03 2.449106414699298512e+03
7.956782375338315205e+02 2.403133891331573523e+03 2.451179727152607029e+03
7.959396590547771666e+02 2.453642777546646357e+03 2.453252091934487908e+03
7.962010776329518649e+02 2.435945508954290290e+03 2.455323506844294570e+03
7.964624932671127908e+02 2.444058885371827273e+03 2.457393969686191213e+03
7.967239059560172336e+02 2.464419207091806129e+03 2.459463478269160532e+03
7.969853156984221414e+02 2.456260208456245437e+03 2.461532030406976446e+03
7.972467224930848033e+02 2.430636485954589261e+03 2.463599623918235011e+03
7.975081263387620538e+02 2.433972700509349579e+03 2.465666256626318955e+03
7.977695272342112958e+02 2.421044475688466264e+03 2.467731926359428599e+03
7.980309251781901594e+02 2.425360889596405741e+03 2.469796630950563213e+03
7.982923201694554791e+02 2.447256099310905938e+03 2.471860368237514194e+03
7.985537122067651126e+02 2.451675293059649903e+03 2.473923136062888261e+03
7.988151012888761215e+02 2.468254755870288591e+03 2.475984932274074708e+03
7.990764874145462500e+02 2.481553030303030027e+03 2.478045754723273603e+03
7.993378705825329007e+02 2.445831317809185748e+03 2.480105601267471229e+03
7.995992507915941587e+02 2.451601599292920127e+03 2.482164469768455092e+03
7.998606280404868585e+02 2.467829417288308377e+03 2.484222358092801187e+03
8.001220023279695397e+02 2.458292193536247851e+03 2.486279264111884004e+03
