# Fitted Temperatures:
# Downstream (K): 2388.7	1.3
# Upstream (K): 2374.9	1.4
# 
# Datacolumns:
# wavelength(nm)	US_data	US_fit
5.999248107355070943e+02 5.481060824130679521e+02 5.468953591767384523e+02
6.001880779860983921e+02 5.399945204834834840e+02 5.481196554283241085e+02
6.004513432336618735e+02 5.452890008579815913e+02 5.493450780990837075e+02
6.007146064769239047e+02 5.469363061589867812e+02 5.505716248761819998e+02
6.009778677146108521e+02 5.525731466689726403e+02 5.517992934432235188e+02
6.012411269454495368e+02 5.541916091388985706e+02 5.530280814802655414e+02
6.015043841681660979e+02 5.502286402088292334e+02 5.542579866638392332e+02
6.017676393814874700e+02 5.445487710424632724e+02 5.554890066669668158e+02
6.020308925841400196e+02 5.586407610487340207e+02 5.567211391591858956e+02
6.022941437748502267e+02 5.681291311015166912e+02 5.579543818065581036e+02
6.025573929523451397e+02 5.614930125867365405e+02 5.591887322717027473e+02
6.028206401153511251e+02 5.530012361576519879e+02 5.604241882138030633e+02
6.030838852625951176e+02 5.675714600036241109e+02 5.616607472886321375e+02
6.033471283928034836e+02 5.452524782937784948e+02 5.628984071485672303e+02
6.036103695047032716e+02 5.604319213915086948e+02 5.641371654426166060e+02
6.038736085970213026e+02 5.643399843857345104e+02 5.653770198164305611e+02
6.041368456684842840e+02 5.565295960369639943e+02 5.666179679123241613e+02
6.044000807178190371e+02 5.650195577846772039e+02 5.678600073692924752e+02
6.046633137437527239e+02 5.591482947011634224e+02 5.691031358230380874e+02
6.049265447450119382e+02 5.671506422878741205e+02 5.703473509059820117e+02
6.051897737203238421e+02 5.597824660957529659e+02 5.715926502472829043e+02
6.054530006684153705e+02 5.581870032967767656e+02 5.728390314728605972e+02
6.057162255880133443e+02 5.654254071826738937e+02 5.740864922054129238e+02
6.059794484778449259e+02 5.748560640426283044e+02 5.753350300644335675e+02
6.062426693366372774e+02 5.736743966777352171e+02 5.765846426662342310e+02
6.065058881631173335e+02 5.724122750904909935e+02 5.778353276239565730e+02
6.067691049560123702e+02 5.727819674557098324e+02 5.790870825475992660e+02
6.070323197140494358e+02 5.762549821874969211e+02 5.803399050440310702e+02
6.072955324359560336e+02 5.661865607801213400e+02 5.815937927170156172e+02
6.075587431204589848e+02 5.649743667139729268e+02 5.828487431672213006e+02
6.078219517662854514e+02 5.700142436392974332e+02 5.841047539922452643e+02
6.080851583721630504e+02 5.763566497881147370e+02 5.853618227866384132e+02
6.083483629368189440e+02 5.764062098958528395e+02 5.866199471419112115e+02
6.086115654589807491e+02 5.824619739418427571e+02 5.878791246465644917e+02
6.088747659373754004e+02 5.839873074164000855e+02 5.891393528860960487e+02
6.091379643707305149e+02 5.772656824567512786e+02 5.904006294430322441e+02
6.094011607577737095e+02 5.835558109942154488e+02 5.916629518969405126e+02
6.096643550972319190e+02 5.830913532609675940e+02 5.929263178244418668e+02
6.099275473878332150e+02 5.786983384635195762e+02 5.941907247992442080e+02
6.101907376283048734e+02 5.915600275935719310e+02 5.954561703921473281e+02
6.104539258173741700e+02 5.849552416718584027e+02 5.967226521710662155e+02
6.107171119537691766e+02 5.834134069060175989e+02 5.979901677010568619e+02
6.109802960362175099e+02 5.928563446050883385e+02 5.992587145443224017e+02
6.112434780634463323e+02 5.882662793593747210e+02 6.005282902602355080e+02
6.115066580341836016e+02 5.940189968913460916e+02 6.017988924053679511e+02
6.117698359471570484e+02 5.950752524021334011e+02 6.030705185334934413e+02
6.120330118010945171e+02 5.956025951021318861e+02 6.043431661956154812e+02
6.122961855947236245e+02 5.988606477511305002e+02 6.056168329399820323e+02
6.125593573267722149e+02 6.105453128730031267e+02 6.068915163121095020e+02
6.128225269959681327e+02 5.986618887945135157e+02 6.081672138547908162e+02
6.130856946010392221e+02 5.968188569491585440e+02 6.094439231081260004e+02
6.133488601407132137e+02 6.056035458256567381e+02 6.107216416095316163e+02
6.136120236137182928e+02 6.033667963898149083e+02 6.120003668937652037e+02
6.138751850187821901e+02 6.023144507372810494e+02 6.132800964929382417e+02
6.141383443546333183e+02 6.009765943930738104e+02 6.145608279365401359e+02
6.144015016199994079e+02 6.056691060317021993e+02 6.158425587514506105e+02
6.146646568136083033e+02 6.097556081132671579e+02 6.171252864619641514e+02
6.149278099341884172e+02 6.183275359220112932e+02 6.184090085898048983e+02
6.151909609804677075e+02 6.133042534778045365e+02 6.196937226541433574e+02
6.154541099511742459e+02 6.261674769210200111e+02 6.209794261716189112e+02
6.157172568450364452e+02 6.202407882537098658e+02 6.222661166563553934e+02
6.159804016607824906e+02 6.154289826554119145e+02 6.235537916199820074e+02
6.162435443971403402e+02 6.110460311750092615e+02 6.248424485716462868e+02
6.165066850528385203e+02 6.150014549833762203e+02 6.261320850180348998e+02
6.167698236266052163e+02 6.140203492548162103e+02 6.274226984633988877e+02
6.170329601171688410e+02 6.140002592035754105e+02 6.287142864095585537e+02
6.172960945232579206e+02 6.192158578173125534e+02 6.300068463559324528e+02
6.175592268436002996e+02 6.197959427422396175e+02 6.313003757995496699e+02
6.178223570769249591e+02 6.315078835912522663e+02 6.325948722350726712e+02
6.180854852219600843e+02 6.276600761759625584e+02 6.338903331548076494e+02
6.183486112774343155e+02 6.243370496331912136e+02 6.351867560487326045e+02
6.186117352420761790e+02 6.280460178968810396e+02 6.364841384045114410e+02
6.188748571146139739e+02 6.336466016801351770e+02 6.377824777075026077e+02
6.191379768937764538e+02 6.236342810087897988e+02 6.390817714407928634e+02
6.194010945782923727e+02 6.380732059260601545e+02 6.403820170852084175e+02
6.196642101668901432e+02 6.309546872172797976e+02 6.416832121193273224e+02
6.199273236582988602e+02 6.361868403912047825e+02 6.429853540195068717e+02
6.201904350512468227e+02 6.285536474676373473e+02 6.442884402598922406e+02
6.204535443444627845e+02 6.488116625355227143e+02 6.455924683124452486e+02
6.207166515366756130e+02 6.410124973094228835e+02 6.468974356469508393e+02
6.209797566266141757e+02 6.470668023411834611e+02 6.482033397310439113e+02
6.212428596130073402e+02 6.494751835037454839e+02 6.495101780302240968e+02
6.215059604945838601e+02 6.452848403504815451e+02 6.508179480078675851e+02
6.217690592700727166e+02 6.593675708038985022e+02 6.521266471252570227e+02
6.220321559382028909e+02 6.499789044475704713e+02 6.534362728415887887e+02
6.222952504977032504e+02 6.615031494853956247e+02 6.547468226139970966e+02
6.225583429473026627e+02 6.557755178797294775e+02 6.560582938975637717e+02
6.228214332857306772e+02 6.555607506495441612e+02 6.573706841453486049e+02
6.230845215117159341e+02 6.772533172993588551e+02 6.586839908083969704e+02
6.233476076239874146e+02 6.595211696664280225e+02 6.599982113357579010e+02
6.236106916212746683e+02 6.603771784996496308e+02 6.613133431745059170e+02
6.238737735023066762e+02 6.586906362468054112e+02 6.626293837697592153e+02
6.241368532658124195e+02 6.611030661423217225e+02 6.639463305646899016e+02
6.243999309105214479e+02 6.648979561566709435e+02 6.652641810005518437e+02
6.246630064351627425e+02 6.527474037618156899e+02 6.665829325166864692e+02
6.249260798384657392e+02 6.724037266494962068e+02 6.679025825505552802e+02
6.251891511191601012e+02 6.620463327540331875e+02 6.692231285377426957e+02
6.254522202759745824e+02 6.694969189857228002e+02 6.705445679119787883e+02
6.257152873076388460e+02 6.661265486245652028e+02 6.718668981051603168e+02
6.259783522128824416e+02 6.600569975920086563e+02 6.731901165473645960e+02
6.262414149904345777e+02 6.714278210943818976e+02 6.745142206668681411e+02
6.265044756390248040e+02 6.668158391714550817e+02 6.758392078901621289e+02
6.267675341573828973e+02 6.790222298222658992e+02 6.771650756419722939e+02
6.270305905442380663e+02 6.734787903629131733e+02 6.784918213452727969e+02
6.272936447983202015e+02 6.781163888599535312e+02 6.798194424213097591e+02
6.275566969183586252e+02 6.812561918947251343e+02 6.811479362896103567e+02
6.278197469030830007e+02 6.892286581552264124e+02 6.824773003680056718e+02
6.280827947512232186e+02 6.769361108714405191e+02 6.838075320726470636e+02
6.283458404615089421e+02 6.909307695318525475e+02 6.851386288180232214e+02
6.286088840326699483e+02 6.804610256789597997e+02 6.864705880169749435e+02
6.288719254634360141e+02 6.940010981850974758e+02 6.878034070807143507e+02
6.291349647525368027e+02 6.783056364411404502e+02 6.891370834188436447e+02
6.293980018987022049e+02 6.891296450179064550e+02 6.904716144393676132e+02
6.296610369006622250e+02 6.791551920908525517e+02 6.918069975487160264e+02
6.299240697571466399e+02 7.001508430663373019e+02 6.931432301517552332e+02
6.301871004668857950e+02 6.825332304211493692e+02 6.944803096518113534e+02
6.304501290286091262e+02 6.913249610705751138e+02 6.958182334506805091e+02
6.307131554410467515e+02 6.940316654485424124e+02 6.971569989486509940e+02
6.309761797029290165e+02 6.871184875153840039e+02 6.984966035445165744e+02
6.312392018129856979e+02 6.840003917936535345e+02 6.998370446355972945e+02
6.315022217699471412e+02 7.043021564346013292e+02 7.011783196177532318e+02
6.317652395725432370e+02 6.983993928690515531e+02 7.025204258854024602e+02
6.320282552195043309e+02 7.020958452176614628e+02 7.038633608315348056e+02
6.322912687095607680e+02 7.134990399983414591e+02 7.052071218477362891e+02
6.325542800414424391e+02 7.092767811507685565e+02 7.065517063241978803e+02
6.328172892138800307e+02 7.094658867929364305e+02 7.078971116497366438e+02
6.330802962256034334e+02 7.066115748034243325e+02 7.092433352118079029e+02
6.333433010753434473e+02 7.124725196295389651e+02 7.105903743965336616e+02
6.336063037618301905e+02 7.077822393400271039e+02 7.119382265886997629e+02
6.338693042837937810e+02 6.982368312042000298e+02 7.132868891717906763e+02
6.341323026399653600e+02 7.053382379913624618e+02 7.146363595279985930e+02
6.343952988290748181e+02 7.044333915248001858e+02 7.159866350382369546e+02
6.346582928498530691e+02 7.207729341436848927e+02 7.173377130821633045e+02
6.349212847010304586e+02 7.081457007604103637e+02 7.186895910381923613e+02
6.351842743813375591e+02 7.137225839626037214e+02 7.200422662835128449e+02
6.354472618895050573e+02 7.070302291689437197e+02 7.213957361941020281e+02
6.357102472242634121e+02 7.269852239305553212e+02 7.227499981447465416e+02
6.359732303843433101e+02 7.155433025820979083e+02 7.241050495090570394e+02
6.362362113684757787e+02 7.110024876593938643e+02 7.254608876594828644e+02
6.364991901753916181e+02 7.191296473512608145e+02 7.268175099673281920e+02
6.367621668038211737e+02 7.278452176287030397e+02 7.281749138027731760e+02
6.370251412524954731e+02 7.227402226794447415e+02 7.295330965348815653e+02
6.372881135201453162e+02 7.196380008068309735e+02 7.308920555316283298e+02
6.375510836055018444e+02 7.166889292380880079e+02 7.322517881599037537e+02
6.378140515072954031e+02 7.183233571716842789e+02 7.336122917855376500e+02
6.380770172242577019e+02 7.243207325094440421e+02 7.349735637733170961e+02
6.383399807551191998e+02 7.312217664629922638e+02 7.363356014869939372e+02
6.386029420986111518e+02 7.253117657459641805e+02 7.376984022893060455e+02
6.388659012534644717e+02 7.323313956239451272e+02 7.390619635419966471e+02
6.391288582184101870e+02 7.386061705184828270e+02 7.404262826058231894e+02
6.393918129921796663e+02 7.449329700814927264e+02 7.417913568405798515e+02
6.396547655735037097e+02 7.513932181785834246e+02 7.431571836051082300e+02
6.399177159611137995e+02 7.377401317764825990e+02 7.445237602573179174e+02
6.401806641537413043e+02 7.548701339972437836e+02 7.458910841542025310e+02
6.404436101501171379e+02 7.424190343590968268e+02 7.472591526518467617e+02
6.407065539489725552e+02 7.347114862088899372e+02 7.486279631054522952e+02
6.409694955490394932e+02 7.441808317477509718e+02 7.499975128693556599e+02
6.412324349490485247e+02 7.522897331737175364e+02 7.513677992970261812e+02
6.414953721477315867e+02 7.564262200619095893e+02 7.527388197411072497e+02
6.417583071438199340e+02 7.430927743460410966e+02 7.541105715534106366e+02
6.420212399360448217e+02 7.440543656470402993e+02 7.554830520849426421e+02
6.422841705231380729e+02 7.443238915109772051e+02 7.568562586859213752e+02
6.425470989038310563e+02 7.476760949763751114e+02 7.582301887057836893e+02
6.428100250768553678e+02 7.530112849007215345e+02 7.596048394932072370e+02
6.430729490409426035e+02 7.581608912355729899e+02 7.609802083961287735e+02
6.433358707948244728e+02 7.650899297302599962e+02 7.623562927617492733e+02
6.435987903372325718e+02 7.550524397783549375e+02 7.637330899365597361e+02
6.438617076668986101e+02 7.678685738764760345e+02 7.651105972663526700e+02
6.441246227825546384e+02 7.629527658821664318e+02 7.664888120962375524e+02
6.443875356829316843e+02 7.672684939866256855e+02 7.678677317706556096e+02
6.446504463667622531e+02 7.573724992924848038e+02 7.692473536333965285e+02
6.449133548327780545e+02 7.699485993626187792e+02 7.706276750276149414e+02
6.451762610797106845e+02 7.652193380713188162e+02 7.720086932958391799e+02
6.454391651062921937e+02 7.759359155629571205e+02 7.733904057799975362e+02
6.457020669112549740e+02 7.832474108356251463e+02 7.747728098214278134e+02
6.459649664933303939e+02 7.661233254960402519e+02 7.761559027608866472e+02
6.462278638512507314e+02 7.862983983336623623e+02 7.775396819385737217e+02
6.464907589837478099e+02 7.767970147295684455e+02 7.789241446941447293e+02
6.467536518895541349e+02 7.750662640011142912e+02 7.803092883667286515e+02
6.470165425674016433e+02 7.826605775608620661e+02 7.816951102949292363e+02
6.472794310160223858e+02 7.747128852266517924e+02 7.830816078168618333e+02
6.475423172341486406e+02 8.001078174602063200e+02 7.844687782701527112e+02
6.478052012205126857e+02 7.921661470407401566e+02 7.858566189919575891e+02
6.480680829738466855e+02 7.794945511720629838e+02 7.872451273189799394e+02
6.483309624928829180e+02 7.822846593570482128e+02 7.886343005874822438e+02
6.485938397763541161e+02 7.898313717726356344e+02 7.900241361333070245e+02
6.488567148229919894e+02 7.888026973130473607e+02 7.914146312918772992e+02
6.491195876315293845e+02 8.056171396962782865e+02 7.928057833982323928e+02
6.493824582006986930e+02 7.847317909540859091e+02 7.941975897870248673e+02
6.496453265292324204e+02 7.889254626852809906e+02 7.955900477925459882e+02
6.499081926158628448e+02 7.990383971350241836e+02 7.969831547487340231e+02
6.501710564593226991e+02 8.093241965420025963e+02 7.983769079891939100e+02
6.504339180583446023e+02 8.056145210367760683e+02 7.997713048472091941e+02
6.506967774116610599e+02 8.075670052766157596e+02 8.011663426557563525e+02
6.509596345180046910e+02 8.236867626196041101e+02 8.025620187475200282e+02
6.512224893761085696e+02 8.043637827120603561e+02 8.039583304549123568e+02
6.514853419847048599e+02 8.085722028658697127e+02 8.053552751100780824e+02
6.517481923425265222e+02 8.065813841052065527e+02 8.067528500449170679e+02
6.520110404483065167e+02 8.119214293683065762e+02 8.081510525910953220e+02
6.522738863007776899e+02 8.164131172956698492e+02 8.095498800800626213e+02
6.525367298986725473e+02 8.155526857111462959e+02 8.109493298430604682e+02
6.527995712407241626e+02 8.118436347129921842e+02 8.123493992111422131e+02
6.530624103256657236e+02 8.227117155432712252e+02 8.137500855151896531e+02
6.533252471522301903e+02 8.188602351080708104e+02 8.151513860859184888e+02
6.535880817191499546e+02 8.246876771442427980e+02 8.165532982538998112e+02
6.538509140251587723e+02 8.196583886384341895e+02 8.179558193495747673e+02
6.541137440689894902e+02 8.377539030908402538e+02 8.193589467032627454e+02
6.543765718493751820e+02 8.259343930601687589e+02 8.207626776451809292e+02
6.546393973650489215e+02 8.138265275308584705e+02 8.221670095054588501e+02
6.549022206147441238e+02 8.153195463261833993e+02 8.235719396141463449e+02
6.551650415971938628e+02 8.343204847142578728e+02 8.249774653012381123e+02
6.554278603111313259e+02 8.216342662100994403e+02 8.263835838966750771e+02
6.556906767552897008e+02 8.253212092636291572e+02 8.277902927303691740e+02
6.559534909284028572e+02 8.358445810411728871e+02 8.291975891322134657e+02
6.562163028292037552e+02 8.396345890077224112e+02 8.306054704320977180e+02
6.564791124564256961e+02 8.368785868177822067e+02 8.320139339599126060e+02
6.567419198088024359e+02 8.474098461281447499e+02 8.334229770455830248e+02
6.570047248850672759e+02 8.373854079529025967e+02 8.348325970190609269e+02
6.572675276839538583e+02 8.219544324167490004e+02 8.362427912103552217e+02
6.575303282041953707e+02 8.278624013416504113e+02 8.376535569495363234e+02
6.577931264445260240e+02 8.373412859968103703e+02 8.390648915667567280e+02
6.580559224036787782e+02 8.375697148724794943e+02 8.404767923922539694e+02
6.583187160803877305e+02 8.387196618583375312e+02 8.418892567563798366e+02
6.585815074733864094e+02 8.507397669559754831e+02 8.433022819896010560e+02
6.588442965814086847e+02 8.474990212184080747e+02 8.447158654225191867e+02
6.591070834031879713e+02 8.392752292780331800e+02 8.461300043858798290e+02
6.593698679374584799e+02 8.442165550653231776e+02 8.475446962105954753e+02
6.596326501829539666e+02 8.493329991743895562e+02 8.489599382277449422e+02
6.598954301384080736e+02 8.584279171927804555e+02 8.503757277686013367e+02
6.601582078025550118e+02 8.523236532368537155e+02 8.517920621646375139e+02
6.604209831741285370e+02 8.496015648739183916e+02 8.532089387475372178e+02
6.606837562518627465e+02 8.718896323862994677e+02 8.546263548492170230e+02
6.609465270344912824e+02 8.665499162107201983e+02 8.560443078018303140e+02
6.612092955207486966e+02 8.627926099610745041e+02 8.574627949377926370e+02
6.614720617093689725e+02 8.777057516176880654e+02 8.588818135897809043e+02
6.617348255990863208e+02 8.527012120850620249e+02 8.603013610907574957e+02
6.619975871886344976e+02 8.631246247220051373e+02 8.617214347739783307e+02
6.622603464767481682e+02 8.641257392143594416e+02 8.631420319730066240e+02
6.625231034621613162e+02 8.553723329116486411e+02 8.645631500217295979e+02
6.627858581436083796e+02 8.632168674267542201e+02 8.659847862543676911e+02
6.630486105198234554e+02 8.728548766842802706e+02 8.674069380054885414e+02
6.633113605895412093e+02 8.746475987007244157e+02 8.688296026100202880e+02
6.635741083514957381e+02 8.651444585156070843e+02 8.702527774032657817e+02
6.638368538044214802e+02 8.727093307932840389e+02 8.716764597209142948e+02
6.640995969470533282e+02 8.679060489769555033e+02 8.731006468990593703e+02
6.643623377781249246e+02 8.798445995048848545e+02 8.745253362741956380e+02
6.646250762963718444e+02 8.541039166957760926e+02 8.759505251832609929e+02
6.648878125005280708e+02 8.645214112411068754e+02 8.773762109636168134e+02
6.651505463893281558e+02 8.765840261029927660e+02 8.788023909530821811e+02
6.654132779615071058e+02 8.839905329148169812e+02 8.802290624899430895e+02
6.656760072157993591e+02 8.721888971970741977e+02 8.816562229129613115e+02
6.659387341509394673e+02 8.834271217963838581e+02 8.830838695613821301e+02
6.662014587656626645e+02 8.909557848933209243e+02 8.845119997749648064e+02
6.664641810587033888e+02 8.818230648748062777e+02 8.859406108939763271e+02
6.667269010287965330e+02 8.804452803068971889e+02 8.873697002592147101e+02
6.669896186746771036e+02 8.902873975759395080e+02 8.887992652120215098e+02
6.672523339950799937e+02 8.925419385601705926e+02 8.902293030942832956e+02
6.675150469887399822e+02 8.828959900201590472e+02 8.916598112484605281e+02
6.677777576543921896e+02 8.868564030946312187e+02 8.930907870175913104e+02
6.680404659907715086e+02 8.894286351006826408e+02 8.945222277453030983e+02
6.683031719966131732e+02 9.018727071557817681e+02 8.959541307758256607e+02
6.685658756706521899e+02 8.955246191691558124e+02 8.973864934540057448e+02
6.688285770116236790e+02 8.898397004235548593e+02 8.988193131253217416e+02
6.690912760182631018e+02 9.024421962382390348e+02 9.002525871358924405e+02
6.693539726893050101e+02 9.032656467419485580e+02 9.016863128324796435e+02
6.696166670234854337e+02 9.017342098724042216e+02 9.031204875625281829e+02
6.698793590195390379e+02 9.038872109531424712e+02 9.045551086741439804e+02
6.701420486762015116e+02 9.049537310653239501e+02 9.059901735161334955e+02
6.704047359922079750e+02 9.064118475664810148e+02 9.074256794379995199e+02
6.706674209662938893e+02 9.064457474770074441e+02 9.088616237899622092e+02
6.709301035971948295e+02 9.158742856044891596e+02 9.102980039229671547e+02
6.711927838836460296e+02 9.085523141066760218e+02 9.117348171886998216e+02
6.714554618243834057e+02 9.190943495178834155e+02 9.131720609395968040e+02
6.717181374181420779e+02 9.025489722812442324e+02 9.146097325288523052e+02
6.719808106636578486e+02 9.205608727878621949e+02 9.160478293104397380e+02
6.722434815596664066e+02 9.174821221411586976e+02 9.174863486391199103e+02
6.725061501049033268e+02 9.271155677887584261e+02 9.189252878704480736e+02
6.727688162981040705e+02 9.179369282940045878e+02 9.203646443607918854e+02
6.730314801380047811e+02 9.230020088033501224e+02 9.218044154673418689e+02
6.732941416233409200e+02 9.189977298157148198e+02 9.232445985481240314e+02
6.735568007528486305e+02 9.211583250207008859e+02 9.246851909620085053e+02
6.738194575252633740e+02 9.365684204857474242e+02 9.261261900687201205e+02
6.740821119393212939e+02 9.363661951774389536e+02 9.275675932288578451e+02
6.743447639937585336e+02 9.331099548879399208e+02 9.290093978039039939e+02
6.746074136873104408e+02 9.170258496755310489e+02 9.304516011562225231e+02
6.748700610187136135e+02 9.360587851714652743e+02 9.318942006490946142e+02
6.751327059867037406e+02 9.447590235492734791e+02 9.333371936467086698e+02
6.753953485900171927e+02 9.423001231637226738e+02 9.347805775141870299e+02
6.756579888273896586e+02 9.331921280973717785e+02 9.362243496175834707e+02
6.759206266975578501e+02 9.477551565945177572e+02 9.376685073239101484e+02
6.761832621992573422e+02 9.513780102194812116e+02 9.391130480011353256e+02
6.764458953312250742e+02 9.319878212906938870e+02 9.405579690182051991e+02
6.767085260921968484e+02 9.378221688629175787e+02 9.420032677450473102e+02
6.769711544809089219e+02 9.445506600521156315e+02 9.434489415525875984e+02
6.772337804960977792e+02 9.453415936155329291e+02 9.448949878127563125e+02
6.774964041365000185e+02 9.451631780953898669e+02 9.463414038985063144e+02
6.777590254008520105e+02 9.450805652664862464e+02 9.477881871838181951e+02
6.780216442878898988e+02 9.614137662850132529e+02 9.492353350437161907e+02
6.782842607963503951e+02 9.575340141180814726e+02 9.506828448542709111e+02
6.785468749249700977e+02 9.557091918724701145e+02 9.521307139926250329e+02
6.788094866724854910e+02 9.726461414489634763e+02 9.535789398369907985e+02
6.790720960376330595e+02 9.659460100179428537e+02 9.550275197666627491e+02
6.793347030191499698e+02 9.644233612913105844e+02 9.564764511620418261e+02
6.795973076157724790e+02 9.619587403289618806e+02 9.579257314046286638e+02
6.798599098262374127e+02 9.584598719561125790e+02 9.593753578770439390e+02
6.801225096492815965e+02 9.706808676641281863e+02 9.608253279630428096e+02
6.803851070836418558e+02 9.605690215008754649e+02 9.622756390475155968e+02
6.806477021280549025e+02 9.577176174526312025e+02 9.637262885165066564e+02
6.809102947812579032e+02 9.644426859929390048e+02 9.651772737572212009e+02
6.811728850419873424e+02 9.811664882894658604e+02 9.666285921580379181e+02
6.814354729089807279e+02 9.697293487263325460e+02 9.680802411085236372e+02
6.816980583809747714e+02 9.710404305620173773e+02 9.695322179994337830e+02
6.819606414567066395e+02 9.726574435053024672e+02 9.709845202227326126e+02
6.822232221349133852e+02 9.857125902733234852e+02 9.724371451715999228e+02
6.824858004143321750e+02 9.867816086703750216e+02 9.738900902404403723e+02
6.827483762936998346e+02 9.739180418651104674e+02 9.753433528248970106e+02
6.830109497717538716e+02 9.805733388693101915e+02 9.767969303218615096e+02
6.832735208472314525e+02 9.815177747036659639e+02 9.782508201294840546e+02
6.835360895188703125e+02 9.812732743954984471e+02 9.797050196471847130e+02
6.837986557854070497e+02 9.967717981515833117e+02 9.811595262756571856e+02
6.840612196455792855e+02 9.904842697924469803e+02 9.826143374168917717e+02
6.843237810981247549e+02 9.779008821202791069e+02 9.840694504741775290e+02
6.845863401417805107e+02 9.801630223432564435e+02 9.855248628521112551e+02
6.848488967752841745e+02 9.899948794814189341e+02 9.869805719566113567e+02
6.851114509973731401e+02 9.914409543130879001e+02 9.884365751949295600e+02
6.853740028067851426e+02 9.949978837750603589e+02 9.898928699756580727e+02
6.856365522022576897e+02 9.913987483238162213e+02 9.913494537087409526e+02
6.858990991825285164e+02 9.930980180029687290e+02 9.928063238054853628e+02
6.861616437463351303e+02 9.988705269860279259e+02 9.942634776785656641e+02
6.864241858924154940e+02 1.002490078825535761e+03 9.957209127420427421e+02
6.866867256195070013e+02 9.870402797601730072e+02 9.971786264113698053e+02
6.869492629263478420e+02 9.984821551905243950e+02 9.986366161034006836e+02
6.872117978116756376e+02 9.884707842892803455e+02 1.000094879236403472e+03
6.874743302742283504e+02 9.937816510937702787e+02 1.001553413230067463e+03
6.877368603127437154e+02 1.006548846108213070e+03 1.003012215505513609e+03
6.879993879259599225e+02 1.001889780271820996e+03 1.004471283485306458e+03
6.882619131126148204e+02 1.005695753819267566e+03 1.005930614593463588e+03
6.885244358714465989e+02 1.014482982514007404e+03 1.007390206255461067e+03
6.887869562011932203e+02 1.011470103562727445e+03 1.008850055898249479e+03
6.890494741005926471e+02 1.010022989352350578e+03 1.010310160950261547e+03
6.893119895683831828e+02 1.024781702329132713e+03 1.011770518841420653e+03
6.895745026033031309e+02 1.012259758825786889e+03 1.013231127003153233e+03
6.898370132040906810e+02 1.030357909825962679e+03 1.014691982868391960e+03
6.900995213694839094e+02 1.001952720450845277e+03 1.016153083871592230e+03
6.903620270982215743e+02 1.034360804943987432e+03 1.017614427448743527e+03
6.906245303890412970e+02 1.027386515214577912e+03 1.019076011037367380e+03
6.908870312406821768e+02 1.002073864925816224e+03 1.020537832076544078e+03
6.911495296518824034e+02 1.016242562009976041e+03 1.021999888006903461e+03
6.914120256213803941e+02 1.031099804057432038e+03 1.023462176270652776e+03
6.916745191479147934e+02 1.020507229140285062e+03 1.024924694311565190e+03
6.919370102302237910e+02 1.014581219768210076e+03 1.026387439575014241e+03
6.921994988670463727e+02 1.024516687100221361e+03 1.027850409507960194e+03
6.924619850571210691e+02 1.034164226639897379e+03 1.029313601558976643e+03
6.927244687991865248e+02 1.031241480451385314e+03 1.030777013178246079e+03
6.929869500919814982e+02 1.035589233563893004e+03 1.032240641817581036e+03
6.932494289342446336e+02 1.020881745455467239e+03 1.033704484930423860e+03
6.935119053247150305e+02 1.034758642769555991e+03 1.035168539971861492e+03
6.937743792621313332e+02 1.035015421879034875e+03 1.036632804398635244e+03
6.940368507452321865e+02 1.033759290179040136e+03 1.038097275669142846e+03
6.942993197727566894e+02 1.029971305115645691e+03 1.039561951243457770e+03
6.945617863434439414e+02 1.041312622839075630e+03 1.041026828583332417e+03
6.948242504560328143e+02 1.031632820770498938e+03 1.042491905152202889e+03
6.950867121092622938e+02 1.048486460247666628e+03 1.043957178415211729e+03
6.953491713018717064e+02 1.046244817898126939e+03 1.045422645839200186e+03
6.956116280325999242e+02 1.049930174737733296e+03 1.046888304892729138e+03
6.958740823001861600e+02 1.040457485765978618e+03 1.048354153046084775e+03
6.961365341033697405e+02 1.042986831219586065e+03 1.049820187771286783e+03
6.963989834408896513e+02 1.048390417607165546e+03 1.051286406542092209e+03
6.966614303114852191e+02 1.061477779979511070e+03 1.052752806834016610e+03
6.969238747138962253e+02 1.045596003116414977e+03 1.054219386124332914e+03
6.971863166468615418e+02 1.048033632738503002e+03 1.055686141892082105e+03
6.974487561091207226e+02 1.063410487353661210e+03 1.057153071618079366e+03
6.977111930994133218e+02 1.060035013329904359e+03 1.058620172784937722e+03
6.979736276164783249e+02 1.057590242146761966e+03 1.060087442877048488e+03
6.982360596590560817e+02 1.057306947886982698e+03 1.061554879380622197e+03
6.984984892258858054e+02 1.056028837416990882e+03 1.063022479783675863e+03
6.987609163157065950e+02 1.066908083620355001e+03 1.064490241576039580e+03
6.990233409272589142e+02 1.064276298439631091e+03 1.065958162249386078e+03
6.992857630592819760e+02 1.059774766083610757e+03 1.067426239297217535e+03
6.995481827105156754e+02 1.048636976324273292e+03 1.068894470214883313e+03
6.998105998796995664e+02 1.066334187883112008e+03 1.070362852499590190e+03
7.000730145655738852e+02 1.073246926492401371e+03 1.071831383650407361e+03
7.003354267668780722e+02 1.077865299910997692e+03 1.073300061168271441e+03
7.005978364823523634e+02 1.063995262658000229e+03 1.074768882556007839e+03
7.008602437107364267e+02 1.063580665791753972e+03 1.076237845318319160e+03
7.011226484507702708e+02 1.078066251018446110e+03 1.077706946961812946e+03
7.013850507011941318e+02 1.080310156607773251e+03 1.079176184994997357e+03
7.016474504607480185e+02 1.077630971864117782e+03 1.080645556928298674e+03
7.019098477281718260e+02 1.081859718834717341e+03 1.082115060274052667e+03
7.021722425022057905e+02 1.084895254849066305e+03 1.083584692546539372e+03
7.024346347815902618e+02 1.081277578312888409e+03 1.085054451261965141e+03
7.026970245650652487e+02 1.079588765266312748e+03 1.086524333938487644e+03
7.029594118513712147e+02 1.092423351150563121e+03 1.087994338096216325e+03
7.032217966392482822e+02 1.109880178919998798e+03 1.089464461257219909e+03
7.034841789274369148e+02 1.093284959980963094e+03 1.090934700945539362e+03
7.037465587146774624e+02 1.089270918173054952e+03 1.092405054687195161e+03
7.040089359997106158e+02 1.093599617601418231e+03 1.093875520010188438e+03
7.042713107812762701e+02 1.101402440063432550e+03 1.095346094444513255e+03
7.045336830581155709e+02 1.088944537242351544e+03 1.096816775522174567e+03
7.047960528289687545e+02 1.102876031938251344e+03 1.098287560777175258e+03
7.050584200925766254e+02 1.100593747899316668e+03 1.099758447745539115e+03
7.053207848476795334e+02 1.105503045268002097e+03 1.101229433965314684e+03
7.055831470930183968e+02 1.102392976636362619e+03 1.102700516976583458e+03
7.058455068273335655e+02 1.112861500309610392e+03 1.104171694321466703e+03
7.061078640493666398e+02 1.121672927559549407e+03 1.105642963544134091e+03
7.063702187578575149e+02 1.116032787660125678e+03 1.107114322190803705e+03
7.066325709515475637e+02 1.116254115329490105e+03 1.108585767809771824e+03
7.068949206291774772e+02 1.117221922164223997e+03 1.110057297951387454e+03
7.071572677894882872e+02 1.130395837143769995e+03 1.111528910168091670e+03
7.074196124312210259e+02 1.122784133421389697e+03 1.113000602014403967e+03
7.076819545531166114e+02 1.111740818993681387e+03 1.114472371046937724e+03
7.079442941539160756e+02 1.131631465558660238e+03 1.115944214824411802e+03
7.082066312323605644e+02 1.141061175534804761e+03 1.117416130907643037e+03
7.084689657871914505e+02 1.130083789043977731e+03 1.118888116859575121e+03
7.087312978171497662e+02 1.136421970640793234e+03 1.120360170245266545e+03
7.089936273209763158e+02 1.127058470608129937e+03 1.121832288631907204e+03
7.092559542974130409e+02 1.138392441799239123e+03 1.123304469588828852e+03
7.095182787452009734e+02 1.139207949442281006e+03 1.124776710687501463e+03
7.097806006630813727e+02 1.138731607153255936e+03 1.126249009501550745e+03
7.100429200497959528e+02 1.161309653343987748e+03 1.127721363606762225e+03
7.103052369040857457e+02 1.145396171058120444e+03 1.129193770581081935e+03
7.105675512246924654e+02 1.131968450372301959e+03 1.130666228004636423e+03
7.108298630103577125e+02 1.131976887190961861e+03 1.132138733459731611e+03
7.110921722598229735e+02 1.144592932151643026e+03 1.133611284530853936e+03
7.113544789718297352e+02 1.151857996757519004e+03 1.135083878804689903e+03
7.116167831451198253e+02 1.156919372883264714e+03 1.136556513870131084e+03
7.118790847784347307e+02 1.144860315397651220e+03 1.138029187318270033e+03
7.121413838705167336e+02 1.146518688386220902e+03 1.139501896742420740e+03
7.124036804201069799e+02 1.156556319297370692e+03 1.140974639738115911e+03
7.126659744259472973e+02 1.157086740653940069e+03 1.142447413903117877e+03
7.129282658867800819e+02 1.160428675544501402e+03 1.143920216837427688e+03
7.131905548013469343e+02 1.163834776617056832e+03 1.145393046143289894e+03
7.134528411683899094e+02 1.151909580509132184e+03 1.146865899425196403e+03
7.137151249866508351e+02 1.158002013241964050e+03 1.148338774289892172e+03
7.139774062548718803e+02 1.145398445632056337e+03 1.149811668346394072e+03
7.142396849717953273e+02 1.149591859629219016e+03 1.151284579205982482e+03
7.145019611361626630e+02 1.139536834924876530e+03 1.152757504482218337e+03
7.147642347467167383e+02 1.164698474529865280e+03 1.154230441790943814e+03
7.150265058021992672e+02 1.185256207051321326e+03 1.155703388750287331e+03
7.152887743013528734e+02 1.184144988996883512e+03 1.157176342980686968e+03
7.155510402429196120e+02 1.173544773925169920e+03 1.158649302104867729e+03
7.158133036256419928e+02 1.163457748738544979e+03 1.160122263747873149e+03
7.160755644482622984e+02 1.173279741362432560e+03 1.161595225537063698e+03
7.163378227095230386e+02 1.169208558880923420e+03 1.163068185102118377e+03
7.166000784081664960e+02 1.172139345630436765e+03 1.164541140075048361e+03
7.168623315429351806e+02 1.175031745849935533e+03 1.166014088090195628e+03
7.171245821125719431e+02 1.178901714246758729e+03 1.167487026784249792e+03
7.173868301158192935e+02 1.191272469777101151e+03 1.168959953796247646e+03
7.176490755514196280e+02 1.177529524903155789e+03 1.170432866767578389e+03
7.179113184181157976e+02 1.184216375831943878e+03 1.171905763341989541e+03
7.181735587146506532e+02 1.184579227393261817e+03 1.173378641165604677e+03
7.184357964397665910e+02 1.187932419922321287e+03 1.174851497886906373e+03
7.186980315922066893e+02 1.195499181391816592e+03 1.176324331156774633e+03
7.189602641707140265e+02 1.173545190744888259e+03 1.177797138628458697e+03
7.192224941740311124e+02 1.189182457185276007e+03 1.179269917957608413e+03
7.194847216009009117e+02 1.195982233631818872e+03 1.180742666802269468e+03
7.197469464500665026e+02 1.188178407938153214e+03 1.182215382822891343e+03
7.200091687202713047e+02 1.184715764233399796e+03 1.183688063682336633e+03
7.202713884102578277e+02 1.195103586871711968e+03 1.185160707045876052e+03
7.205336055187691500e+02 1.192745693930949074e+03 1.186633310581210935e+03
7.207958200445488046e+02 1.198258113560031688e+03 1.188105871958463695e+03
7.210580319863398699e+02 1.181661585397053159e+03 1.189578388850195324e+03
7.213202413428856516e+02 1.201093221628563469e+03 1.191050858931406992e+03
7.215824481129294554e+02 1.197731681467683302e+03 1.192523279879544589e+03
7.218446522952143596e+02 1.202612062704053187e+03 1.193995649374499635e+03
7.221068538884840109e+02 1.196096121058970084e+03 1.195467965098629975e+03
7.223690528914817151e+02 1.195505162357989093e+03 1.196940224736750906e+03
7.226312493029510051e+02 1.209343237633996296e+03 1.198412425976149279e+03
7.228934431216353005e+02 1.209620196349171238e+03 1.199884566506583496e+03
7.231556343462782479e+02 1.193324295524536183e+03 1.201356644020295562e+03
7.234178229756234941e+02 1.194225741870039201e+03 1.202828656212013129e+03
7.236800090084143449e+02 1.219371855048876114e+03 1.204300600778952457e+03
7.239421924433947879e+02 1.203917080464374749e+03 1.205772475420830006e+03
7.242043732793085837e+02 1.208407071857046049e+03 1.207244277839864708e+03
7.244665515148993791e+02 1.218314504774656371e+03 1.208716005740780020e+03
7.247287271489108207e+02 1.204705610654636303e+03 1.210187656830818923e+03
7.249909001800871238e+02 1.194669894160768308e+03 1.211659228819740974e+03
7.252530706071721625e+02 1.215766165675500588e+03 1.213130719419830257e+03
7.255152384289096972e+02 1.213145551035233211e+03 1.214602126345902434e+03
7.257774036440436021e+02 1.210107505687831235e+03 1.216073447315303838e+03
7.260395662513184334e+02 1.227006933640715488e+03 1.217544680047932388e+03
7.263017262494777242e+02 1.208400645003808449e+03 1.219015822266220766e+03
7.265638836372659171e+02 1.210250060996998400e+03 1.220486871695160517e+03
7.268260384134267724e+02 1.208546010281778990e+03 1.221957826062295453e+03
7.270881905767049602e+02 1.211286197723664145e+03 1.223428683097737121e+03
7.273503401258446956e+02 1.233765398616385028e+03 1.224899440534164114e+03
7.276124870595901939e+02 1.216825301744898297e+03 1.226370096106822302e+03
7.278746313766856701e+02 1.208594946053934336e+03 1.227840647553537792e+03
7.281367730758756807e+02 1.233601840625005252e+03 1.229311092614723066e+03
7.283989121559044406e+02 1.240120563360741926e+03 1.230781429033373797e+03
7.286610486155169610e+02 1.230841109920919280e+03 1.232251654555083860e+03
7.289231824534570023e+02 1.238278094900500719e+03 1.233721766928039870e+03
7.291853136684696892e+02 1.239209602550255795e+03 1.235191763903038918e+03
7.294474422592994642e+02 1.225579116876788703e+03 1.236661643233479708e+03
7.297095682246911110e+02 1.240984477847789776e+03 1.238131402675379604e+03
7.299716915633891858e+02 1.226063265420393691e+03 1.239601039987370541e+03
7.302338122741382449e+02 1.234677591190346902e+03 1.241070552930705617e+03
7.304959303556835266e+02 1.231099046302204215e+03 1.242539939269274555e+03
7.307580458067695872e+02 1.235755865660762765e+03 1.244009196769595292e+03
7.310201586261413240e+02 1.246771260939941840e+03 1.245478323200821933e+03
7.312822688125436343e+02 1.238542312855295904e+03 1.246947316334749758e+03
7.315443763647215292e+02 1.243720354158543387e+03 1.248416173945827950e+03
7.318064812814203606e+02 1.233044602668595871e+03 1.249884893811156871e+03
7.320685835613845711e+02 1.242234343140287820e+03 1.251353473710486014e+03
7.323306832033597402e+02 1.254436421722295336e+03 1.252821911426238557e+03
7.325927802060905378e+02 1.235341294062938687e+03 1.254290204743493859e+03
7.328548745683227708e+02 1.243782423472296614e+03 1.255758351450006103e+03
7.331169662888012226e+02 1.253745275256249442e+03 1.257226349336206567e+03
7.333790553662715865e+02 1.249436393273237400e+03 1.258694196195209997e+03
7.336411417994785324e+02 1.270240773524602218e+03 1.260161889822802550e+03
7.339032255871680945e+02 1.257158576529348238e+03 1.261629428017474083e+03
7.341653067280852838e+02 1.261856883618829897e+03 1.263096808580402694e+03
7.344273852209760207e+02 1.259691701449542279e+03 1.264564029315466541e+03
7.346894610645850889e+02 1.264625296007125144e+03 1.266031088029244302e+03
7.349515342576586363e+02 1.274536520437687614e+03 1.267497982531021535e+03
7.352136047989422423e+02 1.271314929216220889e+03 1.268964710632801598e+03
7.354756726871812589e+02 1.273352911420595547e+03 1.270431270149293823e+03
7.357377379211214929e+02 1.281828806796009758e+03 1.271897658897938527e+03
7.359998004995087513e+02 1.286431554901998197e+03 1.273363874698894733e+03
7.362618604210887270e+02 1.286746106315510133e+03 1.274829915375050405e+03
7.365239176846072269e+02 1.270393548481626567e+03 1.276295778752031083e+03
7.367859722888103988e+02 1.288407665953934611e+03 1.277761462658193977e+03
7.370480242324435949e+02 1.280465729457865336e+03 1.279226964924644108e+03
7.373100735142535314e+02 1.293259306728980846e+03 1.280692283385228620e+03
7.375721201329854466e+02 1.286903994543377621e+03 1.282157415876548157e+03
7.378341640873857159e+02 1.309746407300017836e+03 1.283622360237950943e+03
7.380962053762006008e+02 1.305915307875522331e+03 1.285087114311555524e+03
7.383582439981763628e+02 1.296695442812469082e+03 1.286551675942233487e+03
7.386202799520585813e+02 1.298278077837369892e+03 1.288016042977621510e+03
7.388823132365942001e+02 1.302004548715108285e+03 1.289480213268139096e+03
7.391443438505289123e+02 1.311248437997774317e+03 1.290944184666967658e+03
7.394063717926093204e+02 1.311838960903241741e+03 1.292407955030072117e+03
7.396683970615817998e+02 1.321170268485996758e+03 1.293871522216200901e+03
7.399304196561927256e+02 1.310548678139319463e+03 1.295334884086891407e+03
7.401924395751885868e+02 1.299865723615713250e+03 1.296798038506463172e+03
7.404544568173158723e+02 1.296943217499498587e+03 1.298260983342041300e+03
7.407164713813210710e+02 1.310573005634615811e+03 1.299723716463540995e+03
7.409784832659508993e+02 1.312899312683849985e+03 1.301186235743683028e+03
7.412404924699519597e+02 1.313658119186538897e+03 1.302648539057989638e+03
7.415024989920709686e+02 1.323143496737788382e+03 1.304110624284800451e+03
7.417645028310544149e+02 1.321344817267700819e+03 1.305572489305263389e+03
7.420265039856495832e+02 1.328411246518821144e+03 1.307034132003344666e+03
7.422885024546028490e+02 1.322822804599695928e+03 1.308495550265828797e+03
7.425504982366613831e+02 1.315425619916052028e+03 1.309956741982333824e+03
7.428124913305719019e+02 1.317188404890500124e+03 1.311417705045293133e+03
7.430744817350815765e+02 1.326313107312238344e+03 1.312878437349984779e+03
7.433364694489370095e+02 1.329474393598981806e+03 1.314338936794508527e+03
7.435984544708859403e+02 1.332186162148993390e+03 1.315799201279818590e+03
7.438604367996748579e+02 1.335350254578537033e+03 1.317259228709697709e+03
7.441224164340511606e+02 1.333809864590213465e+03 1.318719016990786713e+03
7.443843933727619060e+02 1.344913412082267087e+03 1.320178564032566328e+03
7.446463676145548334e+02 1.364169146753976747e+03 1.321637867747376276e+03
7.449083391581766591e+02 1.322972635462787821e+03 1.323096926050412549e+03
7.451703080023748953e+02 1.331841876563962842e+03 1.324555736859728995e+03
7.454322741458970540e+02 1.344208887611900082e+03 1.326014298096245057e+03
7.456942375874903064e+02 1.325276246609172404e+03 1.327472607683740080e+03
7.459561983259026192e+02 1.351286335851217245e+03 1.328930663548877646e+03
7.462181563598809362e+02 1.355383032395507371e+03 1.330388463621182154e+03
7.464801116881731105e+02 1.339612281140430014e+03 1.331846005833056552e+03
7.467420643095266541e+02 1.337983308696584800e+03 1.333303288119792796e+03
7.470040142226895341e+02 1.350011205448871351e+03 1.334760308419556850e+03
7.472659614264090351e+02 1.345068793275246207e+03 1.336217064673403684e+03
7.475279059194331239e+02 1.347590527562188981e+03 1.337673554825278416e+03
7.477898477005096538e+02 1.354074840051402361e+03 1.339129776822018812e+03
7.480517867683863642e+02 1.350965522242147244e+03 1.340585728613365745e+03
7.483137231218112220e+02 1.354955163123524244e+03 1.342041408151947280e+03
7.485756567595321940e+02 1.338935664704868714e+03 1.343496813393301181e+03
7.488375876802970197e+02 1.363676290302744974e+03 1.344951942295867639e+03
7.490995158828541207e+02 1.350991508000518706e+03 1.346406792821002227e+03
7.493614413659514639e+02 1.363377754672204901e+03 1.347861362932963630e+03
7.496233641283370162e+02 1.370878864860514796e+03 1.349315650598927277e+03
7.498852841687588580e+02 1.363252837417185901e+03 1.350769653788986261e+03
7.501472014859656383e+02 1.377369093807966010e+03 1.352223370476162245e+03
7.504091160787052104e+02 1.377900605035156104e+03 1.353676798636389549e+03
7.506710279457261095e+02 1.362383697725585307e+03 1.355129936248531976e+03
7.509329370857768708e+02 1.375890287317675757e+03 1.356582781294385086e+03
7.511948434976055751e+02 1.359426573713948756e+03 1.358035331758678012e+03
7.514567471799606437e+02 1.372580560479792666e+03 1.359487585629066416e+03
7.517186481315909532e+02 1.376785329070992930e+03 1.360939540896154540e+03
7.519805463512446977e+02 1.373853436145083833e+03 1.362391195553481111e+03
7.522424418376707536e+02 1.373648391064658426e+03 1.363842547597527982e+03
7.525043345896174287e+02 1.376222482863274308e+03 1.365293595027729907e+03
7.527662246058337132e+02 1.385406016438619645e+03 1.366744335846458853e+03
7.530281118850682560e+02 1.371135480321636351e+03 1.368194768059052194e+03
7.532899964260698198e+02 1.369324672935299759e+03 1.369644889673790658e+03
7.535518782275872809e+02 1.375657879034921052e+03 1.371094698701919469e+03
7.538137572883695157e+02 1.374532188717126473e+03 1.372544193157638801e+03
7.540756336071652868e+02 1.393103485521248558e+03 1.373993371058109915e+03
7.543375071827236980e+02 1.381996905450448139e+03 1.375442230423466754e+03
7.545993780137940803e+02 1.394046413551595833e+03 1.376890769276803667e+03
7.548612460991251965e+02 1.380357121496800119e+03 1.378338985644188142e+03
7.551231114374659228e+02 1.390168186906036908e+03 1.379786877554655575e+03
7.553849740275659315e+02 1.376111662909979714e+03 1.381234443040221322e+03
7.556468338681742125e+02 1.375280927655813230e+03 1.382681680135879787e+03
7.559086909580398697e+02 1.378644823741356277e+03 1.384128586879598515e+03
7.561705452959124614e+02 1.384367558300783458e+03 1.385575161312336149e+03
7.564323968805413188e+02 1.366048404880541511e+03 1.387021401478028338e+03
7.566942457106753182e+02 1.383498377518297502e+03 1.388467305423598646e+03
7.569560917850649275e+02 1.376270098498433072e+03 1.389912871198970606e+03
7.572179351024589096e+02 1.392537221613630209e+03 1.391358096857046348e+03
7.574797756616065953e+02 1.365323460608836058e+03 1.392802980453724786e+03
7.577416134612584528e+02 1.393525542547185978e+03 1.394247520047913213e+03
7.580034485001633584e+02 1.399115275838977141e+03 1.395691713701498202e+03
7.582652807770714389e+02 1.377027067521045410e+03 1.397135559479388121e+03
7.585271102907321392e+02 1.401299438797717130e+03 1.398579055449477892e+03
7.587889370398955862e+02 1.394976003433447431e+03 1.400022199682677638e+03
7.590507610233112246e+02 1.395691605699914817e+03 1.401464990252902908e+03
7.593125822397291813e+02 1.393578044958537021e+03 1.402907425237076950e+03
7.595744006878992423e+02 1.402305109561781137e+03 1.404349502715135941e+03
7.598362163665715343e+02 1.390438294345467511e+03 1.405791220770033760e+03
7.600980292744961844e+02 1.388210351223422776e+03 1.407232577487737217e+03
7.603598394104229783e+02 1.394628738301279554e+03 1.408673570957230595e+03
7.606216467731021567e+02 1.391495389251746928e+03 1.410114199270522704e+03
7.608834513612837327e+02 1.398774816364342314e+03 1.411554460522637783e+03
7.611452531737184017e+02 1.410657828413901825e+03 1.412994352811634144e+03
7.614070522091558360e+02 1.414855578191691848e+03 1.414433874238587578e+03
7.616688484663466170e+02 1.415042446747943814e+03 1.415873022907607265e+03
7.619306419440414402e+02 1.399907122377284850e+03 1.417311796925833505e+03
7.621924326409902051e+02 1.445849922437971600e+03 1.418750194403436126e+03
7.624542205559433796e+02 1.404509032334834501e+03 1.420188213453617891e+03
7.627160056876520002e+02 1.426370907960080331e+03 1.421625852192621551e+03
7.629777880348659664e+02 1.407254268076945891e+03 1.423063108739728705e+03
7.632395675963363146e+02 1.438142636058684047e+03 1.424499981217254117e+03
7.635013443708137402e+02 1.439796777370715972e+03 1.425936467750561860e+03
7.637631183570484836e+02 1.409860820391588732e+03 1.427372566468054401e+03
7.640248895537915814e+02 1.420039019198770575e+03 1.428808275501179651e+03
7.642866579597940699e+02 1.412747480807572401e+03 1.430243592984437555e+03
7.645484235738065308e+02 1.427885912566668594e+03 1.431678517055371458e+03
7.648101863945798868e+02 1.427154746386424677e+03 1.433113045854575375e+03
7.650719464208649470e+02 1.452343285778344580e+03 1.434547177525700363e+03
7.653337036514128613e+02 1.431239658771042969e+03 1.435980910215442918e+03
7.655954580849746662e+02 1.428884349432128602e+03 1.437414242073566356e+03
7.658572097203015119e+02 1.437563894649646727e+03 1.438847171252879434e+03
7.661189585561444346e+02 1.417312880928651566e+03 1.440279695909259090e+03
7.663807045912546982e+02 1.437058754769350799e+03 1.441711814201636571e+03
7.666424478243833391e+02 1.433488991462776994e+03 1.443143524292007669e+03
7.669041882542819621e+02 1.431341673043216133e+03 1.444574824345431125e+03
7.671659258797014900e+02 1.441567061979723803e+03 1.446005712530028859e+03
7.674276606993937548e+02 1.426892886137591404e+03 1.447436187016994609e+03
7.676893927121100205e+02 1.439654597638625773e+03 1.448866245980582789e+03
7.679511219166015508e+02 1.459708274631925178e+03 1.450295887598123727e+03
7.682128483116198367e+02 1.446426312370159167e+03 1.451725110050013200e+03
7.684745718959170517e+02 1.438937686643987945e+03 1.453153911519727444e+03
7.687362926682441184e+02 1.460916066913775921e+03 1.454582290193804511e+03
7.689980106273534375e+02 1.476279237368992881e+03 1.456010244261872685e+03
7.692597257719959316e+02 1.455481612364079638e+03 1.457437771916619795e+03
7.695214381009240014e+02 1.454433447903753859e+03 1.458864871353825038e+03
7.697831476128891381e+02 1.466660889707846763e+03 1.460291540772343069e+03
7.700448543066432876e+02 1.469190062734059893e+03 1.461717778374105592e+03
7.703065581809386231e+02 1.461318459382538549e+03 1.463143582364129543e+03
7.705682592345266357e+02 1.461219961196262830e+03 1.464568950950515045e+03
7.708299574661594988e+02 1.465974340887427161e+03 1.465993882344441317e+03
7.710916528745896130e+02 1.463003332759219347e+03 1.467418374760183951e+03
7.713533454585685831e+02 1.457444768719980630e+03 1.468842426415093769e+03
7.716150352168492645e+02 1.467109476250926491e+03 1.470266035529618421e+03
7.718767221481831484e+02 1.471091659160719928e+03 1.471689200327289427e+03
7.721384062513227491e+02 1.486489104639767902e+03 1.473111919034731045e+03
7.724000875250205809e+02 1.475145219937261118e+03 1.474534189881656857e+03
7.726617659680289307e+02 1.486869537334127472e+03 1.475956011100876822e+03
7.729234415790999719e+02 1.474852063916788438e+03 1.477377380928289540e+03
7.731851143569866736e+02 1.473060995860232879e+03 1.478798297602894763e+03
7.734467843004407541e+02 1.487900805493208281e+03 1.480218759366780205e+03
7.737084514082156375e+02 1.489057530617664725e+03 1.481638764465137911e+03
7.739701156790634968e+02 1.493499258713817426e+03 1.483058311146254027e+03
7.742317771117368466e+02 1.499756877966967750e+03 1.484477397661512214e+03
7.744934357049887694e+02 1.467129394318593086e+03 1.485896022265402280e+03
7.747550914575716661e+02 1.499762535931962248e+03 1.487314183215506091e+03
7.750167443682387329e+02 1.484712729402898731e+03 1.488731878772517121e+03
7.752783944357423707e+02 1.485041881530473574e+03 1.490149107200221124e+03
7.755400416588360031e+02 1.507154299299677405e+03 1.491565866765516148e+03
7.758016860362722582e+02 1.504388646038886918e+03 1.492982155738400934e+03
7.760633275668042188e+02 1.504870260286385701e+03 1.494397972391980829e+03
7.763249662491848540e+02 1.502478209373098480e+03 1.495813315002461877e+03
7.765866020821673601e+02 1.507479442016125176e+03 1.497228181849168323e+03
7.768482350645050474e+02 1.517600215591180586e+03 1.498642571214526242e+03
7.771098651949509986e+02 1.523861457206058503e+03 1.500056481384064000e+03
7.773714924722581827e+02 1.506191386825247946e+03 1.501469910646431345e+03
7.776331168951805921e+02 1.494233705868889729e+03 1.502882857293381903e+03
7.778947384624707411e+02 1.517476655448266911e+03 1.504295319619778866e+03
7.781563571728828492e+02 1.502344974215207685e+03 1.505707295923604306e+03
7.784179730251696583e+02 1.497138499066458735e+03 1.507118784505940994e+03
7.786795860180852742e+02 1.517758958604067629e+03 1.508529783670998086e+03
7.789411961503828934e+02 1.518225937069812289e+03 1.509940291726088617e+03
7.792028034208161671e+02 1.512510772755564631e+03 1.511350306981644508e+03
7.794644078281389739e+02 1.525007192415681629e+03 1.512759827751212697e+03
7.797260093711047375e+02 1.513420170935380838e+03 1.514168852351453779e+03
7.799876080484673366e+02 1.512831381665010667e+03 1.515577379102148370e+03
7.802492038589807635e+02 1.521358974791663513e+03 1.516985406326188695e+03
7.805107968013985555e+02 1.516162543871767639e+03 1.518392932349587909e+03
7.807723868744748188e+02 1.510412816381971879e+03 1.519799955501479644e+03
7.810339740769636592e+02 1.519972863088178656e+03 1.521206474114110051e+03
7.812955584076185005e+02 1.516014739276916316e+03 1.522612486522846893e+03
7.815571398651942445e+02 1.528286999067893021e+03 1.524017991066180684e+03
7.818187184484442014e+02 1.530607714828415283e+03 1.525422986085715365e+03
7.820802941561230455e+02 1.528486639848446885e+03 1.526827469926183539e+03
7.823418669869848827e+02 1.541738392752977916e+03 1.528231440935433284e+03
7.826034369397840464e+02 1.530405082094896443e+03 1.529634897464433834e+03
7.828650040132745289e+02 1.508198150053168547e+03 1.531037837867276494e+03
7.831265682062111182e+02 1.540547576366372141e+03 1.532440260501178727e+03
7.833881295173478065e+02 1.534933585618621009e+03 1.533842163726474837e+03
7.836496879454394957e+02 1.549728416513980847e+03 1.535243545906627105e+03
7.839112434892404053e+02 1.555626520925229897e+03 1.536644405408218290e+03
7.841727961475052098e+02 1.544918013279867409e+03 1.538044740600952537e+03
7.844343459189884697e+02 1.529323736549722980e+03 1.539444549857662878e+03
7.846958928024448596e+02 1.539912729456514398e+03 1.540843831554303961e+03
7.849574367966290538e+02 1.552946439537812466e+03 1.542242584069951818e+03
7.852189779002958403e+02 1.557644695882273481e+03 1.543640805786814781e+03
7.854805161122004620e+02 1.568466734488432394e+03 1.545038495090218703e+03
7.857420514310972521e+02 1.567850306107587130e+03 1.546435650368618781e+03
7.860035838557411125e+02 1.529957670847975578e+03 1.547832270013591142e+03
7.862651133848875133e+02 1.551634142990426881e+03 1.549228352419845351e+03
7.865266400172910153e+02 1.551289737437418580e+03 1.550623895985208492e+03
7.867881637517069748e+02 1.536696283832078507e+03 1.552018899110636539e+03
7.870496845868904074e+02 1.565773053062511963e+03 1.553413360200213674e+03
7.873112025215965559e+02 1.566819554404681185e+03 1.554807277661146145e+03
7.875727175545803220e+02 1.547185687091225645e+03 1.556200649903768408e+03
7.878342296845975170e+02 1.542151459853718734e+03 1.557593475341545172e+03
7.880957389104032700e+02 1.569962167834468573e+03 1.558985752391060259e+03
7.883572452307527101e+02 1.543824919128720921e+03 1.560377479472027062e+03
7.886187486444013075e+02 1.556037351854023882e+03 1.561768655007284679e+03
7.888802491501049872e+02 1.565526989899005002e+03 1.563159277422804280e+03
7.891417467466191056e+02 1.540568533653384293e+03 1.564549345147677286e+03
7.894032414326989056e+02 1.561056949752784931e+03 1.565938856614122187e+03
7.896647332071003120e+02 1.570659260015519976e+03 1.567327810257484543e+03
7.899262220685791362e+02 1.556774607610653220e+03 1.568716204516240168e+03
7.901877080158909621e+02 1.559028877283449674e+03 1.570104037831985806e+03
7.904491910477914871e+02 1.550284621251218141e+03 1.571491308649447546e+03
7.907106711630366362e+02 1.563737275049081973e+03 1.572878015416478092e+03
7.909721483603825618e+02 1.597555993285634031e+03 1.574264156584051989e+03
7.912336226385848477e+02 1.564957879172513458e+03 1.575649730606278126e+03
7.914950939963994188e+02 1.554569155865402308e+03 1.577034735940379960e+03
7.917565624325826548e+02 1.580108532251545739e+03 1.578419171046719612e+03
7.920180279458907080e+02 1.565108755625447202e+03 1.579803034388774904e+03
7.922794905350793897e+02 1.571587341263261578e+03 1.581186324433151412e+03
7.925409501989051932e+02 1.576068186858144145e+03 1.582569039649584056e+03
7.928024069361242709e+02 1.541847958205753230e+03 1.583951178510926866e+03
7.930638607454930025e+02 1.575358532562824621e+03 1.585332739493164354e+03
7.933253116257675401e+02 1.566169132045894003e+03 1.586713721075398553e+03
7.935867595757043773e+02 1.576428510677037139e+03 1.588094121739861521e+03
7.938482045940602347e+02 1.566960088214121924e+03 1.589473939971909431e+03
7.941096466795914921e+02 1.562929630976813087e+03 1.590853174260022342e+03
7.943710858310543017e+02 1.576748173435282524e+03 1.592231823095794653e+03
7.946325220472059527e+02 1.575835547778629689e+03 1.593609884973955786e+03
7.948939553268027112e+02 1.576156550380563885e+03 1.594987358392354736e+03
7.951553856686012978e+02 1.573541262112251388e+03 1.596364241851958013e+03
7.954168130713586606e+02 1.601048049046531332e+03 1.597740533856861703e+03
7.956782375338315205e+02 1.559959520554070878e+03 1.599116232914274406e+03
7.959396590547771666e+02 1.579740160738383338e+03 1.600491337534539070e+03
7.962010776329518649e+02 1.576085437879980645e+03 1.601865846231103887e+03
7.964624932671127908e+02 1.560568562830196242e+03 1.603239757520548892e+03
7.967239059560172336e+02 1.598878317455190654e+03 1.604613069922571412e+03
7.969853156984221414e+02 1.593508878240310423e+03 1.605985781959985843e+03
7.972467224930848033e+02 1.571805367175839137e+03 1.607357892158730692e+03
7.975081263387620538e+02 1.605200232511193008e+03 1.608729399047856305e+03
7.977695272342112958e+02 1.582859978233430866e+03 1.610100301159536912e+03
7.980309251781901594e+02 1.611026289180990943e+03 1.611470597029065175e+03
7.982923201694554791e+02 1.595463625491279572e+03 1.612840285194843773e+03
7.985537122067651126e+02 1.599273284958832619e+03 1.614209364198400635e+03
7.988151012888761215e+02 1.580429206206222261e+03 1.615577832584373027e+03
7.990764874145462500e+02 1.610014070734633378e+03 1.616945688900518235e+03
7.993378705825329007e+02 1.578996212653099747e+03 1.618312931697705380e+03
7.995992507915941587e+02 1.583660922407150110e+03 1.619679559529922017e+03
7.998606280404868585e+02 1.596741290243365029e+03 1.621045570954262075e+03
8.001220023279695397e+02 1.598263289208081687e+03 1.622410964530942920e+03
